access_clinic_dispensary,access_first_aid,area_sq_km,chalkboard_each_classroom_yn,classes_outside_yn,covered_roof_good_condi,dist_euc,dist_fake,education_improved_sanitation,education_type,facility_name,facility_type,formhub_photo_id,functional_water,functioning_library_yn,gender_separated_toilets_yn,gps,improved_sanitation,improved_water_supply,level_of_education,lga,lga_id,lga_orig,lga_valid,male_to_female_student_ratio,multigrade_classrms,mylga,mylga_state,mylga_zone,natl_curriculum_yn,num_classrms_need_maj_repairs,num_classrms_need_min_repairs,num_classrms_total,num_students_total,num_tchrs_attended_training,num_tchrs_total,num_tchrs_w_nce,num_tchrs_with_nce,num_textbooks,owner_manager,phcn_electricity,photo,pop_2006,pop_density_2006,potable_water,power_access,provide_exercise_books_yn,provide_pens_yn,pupil_bench_ratio,pupil_classrm_ratio,pupil_desk_ratio,pupil_tchr_ratio,pupil_toilet_ratio_facility,school_1kmplus_catchment_area,school_1kmplus_secondary_school,school_name,sector,state,students_living_3kmplus_school,surveying_effort,tchr_pay_delay,tchr_pay_miss,teacher_guide_yn,teacher_nonteachingstaff_ratio,textbook_to_pupil_ratio,two_shifts_yn,type,unique_lga,uuid,wall_fence_good_condi,x_id,zone
False,False,109.2717906,False,FALSE,False,,,,formal_educ,Special school for handicapped children (UBE),primary_and_junior_sec,1337958261563.jpg,True,False,FALSE,4.75880202 7.03047764 37.099998474121094 5.0,False,False,primary_and_junior_sec,Port-Harcourt,645,645,645.0,1.765625,False,port_harcourt,rivers,south_south,TRUE,4.0,1.0,5.0,177.0,9.0,9.0,,2.0,8.0,public,True,1337958261563.jpg,541115,4952.01000211,,True,FALSE,FALSE,3.54,35.4,3.54,19.6666666666667,88.5,True,True,Special school for handicapped children (UBE),education,Rivers,70.0,Others,False,False,TRUE,9,0.0451977401129944,FALSE,,rivers_port_harcourt,d8e1dd2c-0148-46e5-bfec-d4aa8011d238,False,d8e1dd2c-0148-46e5-bfec-d4aa8011d238,South-South
False,False,109.2717906,True,FALSE,False,,,,formal_educ,Govt junior Secondary School Elekahia,juniors_sec_only,1338117235759.jpg,True,False,TRUE,4.81622431 7.02596851 37.70000076293945 5.0,False,False,juniors_sec_only,Port-Harcourt,645,645,645.0,0.575342465753425,False,port_harcourt,rivers,south_south,FALSE,10.0,0.0,10.0,1150.0,7.0,62.0,,4.0,1400.0,public,False,1338117235759.jpg,541115,4952.01000211,,True,FALSE,FALSE,11.5,115,7.66666666666667,18.5483870967742,95.8333333333333,False,False,Govt junior Secondary School Elekahia,education,Rivers,350.0,Others,False,False,FALSE,15.5,1.21739130434783,FALSE,,rivers_port_harcourt,027b8021-3d63-42b9-b36c-407200523c33,False,027b8021-3d63-42b9-b36c-407200523c33,South-South
False,False,109.2717906,False,FALSE,True,,,,formal_educ,State School Elechi Beach,preprimary_and_primary,1338289734314.jpg,,False,,4.78078762 6.99375139 23.0 5.0,False,False,preprimary_and_primary,Port-Harcourt,645,645,645.0,0.948275862068966,True,port_harcourt,rivers,south_south,FALSE,3.0,0.0,5.0,113.0,4.0,12.0,,6.0,0.0,public,False,1338289734314.jpg,541115,4952.01000211,,False,FALSE,FALSE,2.825,22.6,2.13207547169811,9.41666666666667,,False,False,State School Elechi Beach,education,Rivers,0.0,Others,False,False,FALSE,4,0,FALSE,,rivers_port_harcourt,853938fa-134a-495f-97c4-cea93fd10745,True,853938fa-134a-495f-97c4-cea93fd10745,South-South
False,False,109.2717906,False,FALSE,False,,,,formal_educ,Sacret Hart State School 1 Ilaobuchi Diobu,preprimary_and_primary,1338033410476.jpg,True,False,TRUE,4.793504476547241 6.985829472541809 55.0 4.0,False,False,preprimary_and_primary,Port-Harcourt,645,645,645.0,1.00688073394495,True,port_harcourt,rivers,south_south,TRUE,0.0,,6.0,875.0,6.0,28.0,,6.0,2940.0,public,True,1338033410476.jpg,541115,4952.01000211,,True,FALSE,FALSE,5.68181818181818,145.833333333333,5.68181818181818,31.25,97.2222222222222,False,False,Sacret Hart State School 1 Ilaobuchi Diobu,education,Rivers,0.0,Others,False,False,FALSE,Inf,3.36,FALSE,,rivers_port_harcourt,4a1c7c69-7db2-42a2-b4e0-d3b0947d0adc,True,4a1c7c69-7db2-42a2-b4e0-d3b0947d0adc,South-South
False,False,109.2717906,False,FALSE,False,,,,formal_educ,UPE Model Pry School 1 Borikiri,preprimary_and_primary,1337950444304.jpg,,False,,4.742864370346069 7.046200633049011 36.0 4.0,False,False,preprimary_and_primary,Port-Harcourt,645,645,645.0,0.944206008583691,True,port_harcourt,rivers,south_south,TRUE,0.0,,5.0,453.0,6.0,8.0,,6.0,0.0,public,False,1337950444304.jpg,541115,4952.01000211,,False,FALSE,FALSE,8.71153846153846,90.6,8.71153846153846,56.625,,False,,UPE Model Pry School 1 Borikiri,education,Rivers,0.0,Others,False,False,TRUE,8,0,FALSE,,rivers_port_harcourt,3bb524d6-02eb-47ed-a7cb-63de8d2e3175,False,3bb524d6-02eb-47ed-a7cb-63de8d2e3175,South-South
False,False,109.2717906,True,FALSE,True,,,,formal_educ,ST paul‘ Model primary School diobu Ph.,preprimary_and_primary,1338052234087.jpg,True,True,TRUE,4.80776904 7.00872672 39.599998474121094 5.0,False,False,preprimary_and_primary,Port-Harcourt,645,645,645.0,0.666666666666667,False,port_harcourt,rivers,south_south,TRUE,0.0,0.0,12.0,390.0,14.0,14.0,,8.0,1365.0,public,True,1338052234087.jpg,541115,4952.01000211,,True,FALSE,FALSE,2.16666666666667,32.5,2.16666666666667,27.8571428571429,97.5,False,False,ST paul‘ Model primary School diobu Ph.,education,Rivers,0.0,Others,False,False,FALSE,Inf,3.5,FALSE,,rivers_port_harcourt,9a14261a-ecee-4529-88d9-30f51a95cdc5,True,9a14261a-ecee-4529-88d9-30f51a95cdc5,South-South
False,False,109.2717906,True,FALSE,False,,,,formal_educ,Government comprehensive secondary school borikiri,juniors_sec_only,1337941454139.jpg,False,False,FALSE,4.74063089 7.0335364 28.899999618530273 5.0,False,False,juniors_sec_only,Port-Harcourt,645,645,645.0,Inf,False,port_harcourt,rivers,south_south,TRUE,3.0,,10.0,350.0,15.0,40.0,,4.0,78.0,public,True,1337941454139.jpg,541115,4952.01000211,,True,FALSE,FALSE,0.7,35,0.35,8.75,116.666666666667,False,False,Government comprehensive secondary school borikiri,education,Rivers,0.0,Others,False,False,TRUE,20,0.222857142857143,FALSE,,rivers_port_harcourt,770af25d-b8d3-4bd3-8a1e-6f404e3518cc,False,770af25d-b8d3-4bd3-8a1e-6f404e3518cc,South-South
False,False,109.2717906,False,FALSE,False,,,,formal_educ,Community model secondary school borikiri,juniors_sec_only,1337947127851.jpg,False,False,,4.74208745 7.04633674 31.899999618530273 5.0,False,False,juniors_sec_only,Port-Harcourt,645,645,645.0,0.368340943683409,True,port_harcourt,rivers,south_south,FALSE,4.0,2.0,11.0,1798.0,2.0,59.0,,3.0,6000.0,public,True,1337947127851.jpg,541115,4952.01000211,,False,TRUE,FALSE,8.99,163.454545454545,5.99333333333333,30.4745762711864,,False,False,Community model secondary school borikiri,education,Rivers,500.0,Others,False,False,FALSE,11.8,3.33704115684093,FALSE,,rivers_port_harcourt,1a0989e5-c9df-454c-85e8-31db4ec5c5b4,False,1a0989e5-c9df-454c-85e8-31db4ec5c5b4,South-South
True,False,109.2717906,False,FALSE,True,0.00274982466857,0.305567427979,,formal_educ,"Model secondary school, Gra",juniors_sec_only,1338047000469.jpg,True,False,TRUE,4.82290724 6.9989895 36.79999923706055 5.0,False,False,juniors_sec_only,Port-Harcourt,645,645,549.0,1.30625,False,port_harcourt,rivers,south_south,TRUE,0.0,2.0,10.0,369.0,5.0,39.0,,4.0,,public,True,1338047000469.jpg,541115,4952.01000211,,True,FALSE,FALSE,6.83333333333333,36.9,2.46,9.46153846153846,36.9,True,False,"Model secondary school, Gra",education,Rivers,0.0,Others,False,False,FALSE,9.75,,FALSE,,rivers_port_harcourt,c961170a-a7d9-4380-825a-ba53fd86e338,True,c961170a-a7d9-4380-825a-ba53fd86e338,South-South
False,False,109.2717906,False,FALSE,False,,,,formal_educ,ST john state school,primary_only,1337958487103.jpg,True,False,TRUE,4.75790935 7.03283445 77.80000305175781 5.0,False,False,primary_only,Port-Harcourt,645,645,645.0,0.991111111111111,True,port_harcourt,rivers,south_south,TRUE,2.0,,15.0,896.0,30.0,30.0,,13.0,4904.0,public,True,1337958487103.jpg,541115,4952.01000211,,True,FALSE,FALSE,4.48,59.7333333333333,2.66666666666667,29.8666666666667,99.5555555555556,False,True,ST john state school,education,Rivers,0.0,Others,False,False,FALSE,Inf,5.47321428571429,FALSE,,rivers_port_harcourt,6eb2efd8-13a2-46ca-8fb5-ccbc9ee749c7,False,6eb2efd8-13a2-46ca-8fb5-ccbc9ee749c7,South-South
False,False,109.2717906,False,FALSE,False,,,,formal_educ,State Primary School Okuruama,primary_only,1338133159326.jpg,True,False,,4.78720087 7.05700619 35.900001525878906 5.0,False,False,primary_only,Port-Harcourt,645,645,645.0,1.08670520231214,True,port_harcourt,rivers,south_south,TRUE,0.0,,9.0,361.0,5.0,10.0,,5.0,1600.0,public,False,1338133159326.jpg,541115,4952.01000211,,False,TRUE,FALSE,2.40666666666667,40.1111111111111,1.35205992509363,36.1,,True,False,State Primary School Okuruama,education,Rivers,0.0,Others,False,False,FALSE,Inf,4.43213296398892,FALSE,,rivers_port_harcourt,1dc098d7-842b-49e9-9a65-a59e66d172a8,False,1dc098d7-842b-49e9-9a65-a59e66d172a8,South-South
False,True,109.2717906,True,FALSE,True,,,,formal_educ,Community secondary school oroworukwo,junior_and_senior_sec,1338050434993.jpg,True,True,TRUE,4.80989991 7.00788066 52.900001525878906 3.0,False,False,junior_and_senior_sec,Port-Harcourt,645,645,645.0,1.00785634118967,True,port_harcourt,rivers,south_south,TRUE,0.0,,13.0,1789.0,10.0,51.0,,6.0,6940.0,public,True,1338050434993.jpg,541115,4952.01000211,,True,FALSE,FALSE,8.945,137.615384615385,4.42821782178218,35.078431372549,99.3888888888889,False,False,Community secondary school oroworukwo,education,Rivers,35.0,Others,False,False,TRUE,25.5,3.87926215762996,FALSE,,rivers_port_harcourt,8b76c338-ce23-41f7-be28-c2a5a76c3e59,False,8b76c338-ce23-41f7-be28-c2a5a76c3e59,South-South
False,False,109.2717906,True,FALSE,False,,,,formal_educ,Pabod model primary school old GRA PH.,preprimary_and_primary,1338211430173.jpg,,False,FALSE,4.78473161 7.01813404 29.399999618530273 5.0,False,False,preprimary_and_primary,Port-Harcourt,645,645,645.0,1.09433962264151,False,port_harcourt,rivers,south_south,TRUE,0.0,2.0,7.0,222.0,13.0,13.0,,5.0,366.0,public,True,1338211430173.jpg,541115,4952.01000211,,True,FALSE,FALSE,5.55,31.7142857142857,2.64285714285714,17.0769230769231,74,True,False,Pabod model primary school old GRA PH.,education,Rivers,50.0,Others,False,False,FALSE,Inf,1.64864864864865,FALSE,,rivers_port_harcourt,9a28d86e-40f2-42bd-9aa7-8a42b7f33212,False,9a28d86e-40f2-42bd-9aa7-8a42b7f33212,South-South
False,True,109.2717906,True,FALSE,True,,,,formal_educ,Immaculate Heart College,juniors_sec_only,1337905134750.jpg,True,True,TRUE,4.74167791 7.04256253 32.599998474121094 5.0,False,False,juniors_sec_only,Port-Harcourt,645,645,645.0,0.783132530120482,False,port_harcourt,rivers,south_south,TRUE,0.0,0.0,8.0,148.0,5.0,13.0,,1.0,11.0,private,True,1337905134750.jpg,541115,4952.01000211,,True,FALSE,FALSE,0.592,18.5,0.493333333333333,11.3846153846154,37,False,False,Immaculate Heart College,education,Rivers,0.0,Others,False,False,TRUE,Inf,0.0743243243243243,FALSE,,rivers_port_harcourt,0c9fcacd-3b61-41d8-9051-b321ad29d11e,True,0c9fcacd-3b61-41d8-9051-b321ad29d11e,South-South
False,False,109.2717906,True,FALSE,False,,,,formal_educ,Community primary school 2 Elekahia,preprimary_and_primary,1338114091845.jpg,True,False,TRUE,4.80778804 7.01468943 38.0 5.0,False,False,preprimary_and_primary,Port-Harcourt,645,645,645.0,0.797752808988764,True,port_harcourt,rivers,south_south,TRUE,1.0,,12.0,800.0,20.0,29.0,,6.0,,public,True,1338114091845.jpg,541115,4952.01000211,,True,FALSE,FALSE,11.4285714285714,66.6666666666667,5,27.5862068965517,80,False,False,Community primary school 2 Elekahia,education,Rivers,0.0,Others,False,False,FALSE,29,,FALSE,,rivers_port_harcourt,576049fe-e5c1-40c1-8afc-cb5528494581,True,576049fe-e5c1-40c1-8afc-cb5528494581,South-South
False,False,109.2717906,False,FALSE,False,,,,formal_educ,State Pry School 2 Church hill ,preprimary_and_primary,1337956208330.jpg,False,False,,4.757611155509949 7.037461996078491 30.0 4.0,False,False,preprimary_and_primary,Port-Harcourt,645,645,645.0,1.01443298969072,True,port_harcourt,rivers,south_south,FALSE,0.0,,6.0,977.0,22.0,22.0,,10.0,3000.0,public,False,1337956208330.jpg,541115,4952.01000211,,False,FALSE,FALSE,2.84011627906977,162.833333333333,2.84011627906977,44.4090909090909,,False,False,State Pry School 2 Church hill ,education,Rivers,0.0,Others,False,False,FALSE,Inf,3.07062436028659,FALSE,,rivers_port_harcourt,d0432105-4872-4b30-82ac-79a7d84e93e1,False,d0432105-4872-4b30-82ac-79a7d84e93e1,South-South
False,True,109.2717906,True,FALSE,False,0.00288906881647,0.321040524587,,formal_educ,Army children model school 1 GRA.,primary_only,1338046981700.jpg,True,False,,4.82312563 6.99869003 53.099998474121094 5.0,False,False,primary_only,Port-Harcourt,645,645,549.0,0.983908045977012,True,port_harcourt,rivers,south_south,TRUE,5.0,,20.0,863.0,12.0,32.0,,6.0,306.0,public,False,1338046981700.jpg,541115,4952.01000211,,False,FALSE,FALSE,5.75333333333333,43.15,2.43785310734463,26.96875,,False,False,Army children model school 1 GRA.,education,Rivers,0.0,Others,False,False,FALSE,32,0.354577056778679,FALSE,,rivers_port_harcourt,74b61461-3974-4ab9-9bd4-18bf66f415fa,False,74b61461-3974-4ab9-9bd4-18bf66f415fa,South-South
True,False,109.2717906,False,FALSE,True,,,,formal_educ,St. Andrew M.P S Block 2 Ikwerre Road PH,preprimary_and_primary,1338291251800.jpg,False,True,TRUE,4.79219032 6.99555515 30.899999618530273 5.0,False,False,preprimary_and_primary,Port-Harcourt,645,645,645.0,1.09302325581395,False,port_harcourt,rivers,south_south,TRUE,0.0,0.0,13.0,360.0,0.0,14.0,,2.0,240.0,public,True,1338291251800.jpg,541115,4952.01000211,,True,FALSE,FALSE,2,27.6923076923077,2,25.7142857142857,22.5,False,False,St. Andrew M.P S Block 2 Ikwerre Road PH,education,Rivers,1.0,Others,False,False,FALSE,4.66666666666667,0.666666666666667,FALSE,,rivers_port_harcourt,abd38dfe-9d9b-44d1-a6b8-5e4d63605a4b,True,abd38dfe-9d9b-44d1-a6b8-5e4d63605a4b,South-South
False,False,109.2717906,False,FALSE,False,,,,formal_educ,Holy Trinity State School Aggrey Road P H,preprimary_and_primary,1337959497360.jpg,True,False,FALSE,4.762229919433594 7.0286911725997925 22.0 4.0,False,False,preprimary_and_primary,Port-Harcourt,645,645,645.0,0.951219512195122,True,port_harcourt,rivers,south_south,TRUE,0.0,2.0,7.0,400.0,16.0,16.0,,6.0,2034.0,public,False,1337959497360.jpg,541115,4952.01000211,,False,TRUE,FALSE,4.59770114942529,57.1428571428571,2.66666666666667,25,100,False,False,Holy Trinity State School Aggrey Road P H,education,Rivers,0.0,Others,False,False,FALSE,Inf,5.085,FALSE,,rivers_port_harcourt,70c6a971-e43e-4d6b-ba06-e0eec7c6275e,False,70c6a971-e43e-4d6b-ba06-e0eec7c6275e,South-South
False,True,109.2717906,True,FALSE,True,,,,religious_with_formal,Immaculate Heart College,juniors_sec_only,1337988018060.jpg,True,True,TRUE,4.792112 6.99549181 36.900001525878906 5.0,False,False,juniors_sec_only,Port-Harcourt,645,645,645.0,0.783132530120482,True,port_harcourt,rivers,south_south,TRUE,0.0,0.0,10.0,148.0,0.0,25.0,,5.0,100.0,private,True,1337988018060.jpg,541115,4952.01000211,,True,FALSE,FALSE,1.23333333333333,14.8,1.23333333333333,5.92,24.6666666666667,False,False,Immaculate Heart College,education,Rivers,0.0,Others,False,False,TRUE,Inf,0.675675675675676,FALSE,,rivers_port_harcourt,f3b537de-ec76-40aa-9905-c96a816db6c5,True,f3b537de-ec76-40aa-9905-c96a816db6c5,South-South
False,False,109.2717906,False,FALSE,False,,,,formal_educ,Govt Girls secondary school,juniors_sec_only,1338194465225.jpg,False,False,,4.80148434 6.99850805 29.399999618530273 5.0,False,False,juniors_sec_only,Port-Harcourt,645,645,645.0,0,False,port_harcourt,rivers,south_south,TRUE,0.0,17.0,17.0,1954.0,0.0,55.0,,7.0,895.0,public,True,1338194465225.jpg,541115,4952.01000211,,True,FALSE,FALSE,4.15744680851064,114.941176470588,4.15744680851064,35.5272727272727,,True,False,Govt Girls secondary school,education,Rivers,500.0,Others,False,False,FALSE,Inf,0.458034800409417,FALSE,,rivers_port_harcourt,ee6c1846-7b00-41d6-ae1f-170536d45a60,True,ee6c1846-7b00-41d6-ae1f-170536d45a60,South-South
False,False,109.2717906,True,TRUE,False,,,,formal_educ,State School Elechi Beach,preprimary_and_primary,1338031359010.jpg,,False,,4.79228496 7.00056015 35.099998474121094 5.0,False,False,preprimary_and_primary,Port-Harcourt,645,645,645.0,0.948275862068966,True,port_harcourt,rivers,south_south,TRUE,0.0,0.0,4.0,113.0,0.0,6.0,,2.0,530.0,public,False,1338031359010.jpg,541115,4952.01000211,,False,TRUE,FALSE,1.71212121212121,28.25,Inf,18.8333333333333,,False,True,State School Elechi Beach,education,Rivers,0.0,Others,False,False,FALSE,Inf,4.69026548672566,FALSE,,rivers_port_harcourt,57c3b2f3-ab6c-414e-9966-19e39f0d61c0,False,57c3b2f3-ab6c-414e-9966-19e39f0d61c0,South-South
True,False,109.2717906,True,FALSE,True,,,,formal_educ,"Model primary school, Elekahia",primary_only,1338116209539.jpg,True,True,TRUE,4.81458711 7.02002005 26.100000381469727 5.0,False,False,primary_only,Port-Harcourt,645,645,645.0,0.904761904761905,False,port_harcourt,rivers,south_south,TRUE,0.0,0.0,12.0,360.0,15.0,15.0,,1.0,1440.0,public,True,1338116209539.jpg,541115,4952.01000211,,True,FALSE,FALSE,2,30,2,24,,False,False,"Model primary school, Elekahia",education,Rivers,0.0,Others,False,False,FALSE,Inf,4,FALSE,,rivers_port_harcourt,da1a3c94-0db2-4cc4-b3e3-556800413223,True,da1a3c94-0db2-4cc4-b3e3-556800413223,South-South
False,False,109.2717906,False,FALSE,False,,,,formal_educ,Universal Model Pry School BUNDU,primary_only,1338023504355.jpg,,False,,4.75415929 7.01322743 18.799999237060547 5.0,False,False,primary_only,Port-Harcourt,645,645,645.0,0.988372093023256,False,port_harcourt,rivers,south_south,TRUE,0.0,13.0,13.0,684.0,16.0,16.0,,4.0,1872.0,public,True,1338023504355.jpg,541115,4952.01000211,,True,FALSE,FALSE,4.32911392405063,52.6153846153846,4.32911392405063,42.75,,False,False,Universal Model Pry School BUNDU,education,Rivers,0.0,Others,False,False,TRUE,Inf,2.73684210526316,FALSE,,rivers_port_harcourt,e6c0f25f-5a96-4393-a582-9a685debd201,False,e6c0f25f-5a96-4393-a582-9a685debd201,South-South
True,False,109.2717906,True,FALSE,True,,,,formal_educ,St. Andrews State School Block 4,preprimary_and_primary,1338027588997.jpg,True,True,TRUE,4.79198826 6.99592306 38.599998474121094 5.0,False,False,preprimary_and_primary,Port-Harcourt,645,645,645.0,0.914893617021277,False,port_harcourt,rivers,south_south,TRUE,0.0,0.0,13.0,360.0,15.0,15.0,,8.0,1440.0,public,True,1338027588997.jpg,541115,4952.01000211,,True,FALSE,FALSE,4.5,27.6923076923077,1.71428571428571,24,22.5,False,False,St. Andrews State School Block 4,education,Rivers,0.0,Others,False,False,FALSE,Inf,4,FALSE,,rivers_port_harcourt,d3dfcaa4-61a5-4324-b141-e18fcfa9dd97,True,d3dfcaa4-61a5-4324-b141-e18fcfa9dd97,South-South
False,False,109.2717906,True,FALSE,False,0.00316033609259,0.351184281734,,formal_educ,Army Children Model School 2 GRA Phase 1,primary_only,1338046830816.jpg,,False,TRUE,4.823566675186157 6.99804425239563 41.0 3.0,False,False,primary_only,Port-Harcourt,645,645,549.0,0.796992481203007,False,port_harcourt,rivers,south_south,TRUE,3.0,,12.0,478.0,23.0,23.0,,9.0,1884.0,public,True,1338046830816.jpg,541115,4952.01000211,,False,TRUE,FALSE,6.37333333333333,39.8333333333333,3.98333333333333,20.7826086956522,95.6,True,False,Army Children Model School 2 GRA Phase 1,education,Rivers,0.0,Others,False,False,TRUE,Inf,3.94142259414226,FALSE,,rivers_port_harcourt,bde3ef91-30b6-4251-8031-b601e56d2d58,True,bde3ef91-30b6-4251-8031-b601e56d2d58,South-South
False,False,109.2717906,True,FALSE,False,,,,formal_educ,Community secondary school orogbum PH.,junior_and_senior_sec,1338214277687.jpg,,False,,4.79878388 6.99499062 38.5 5.0,False,False,junior_and_senior_sec,Port-Harcourt,645,645,645.0,1.46288209606987,True,port_harcourt,rivers,south_south,FALSE,,0.0,6.0,564.0,15.0,28.0,,17.0,,public,False,1338214277687.jpg,541115,4952.01000211,,False,FALSE,FALSE,14.1,94,9.4,20.1428571428571,,True,True,Community secondary school orogbum PH.,education,Rivers,550.0,Others,False,False,FALSE,9.33333333333333,,FALSE,,rivers_port_harcourt,f5e591de-d8c5-4b90-b8a6-8fa4ceb136a7,False,f5e591de-d8c5-4b90-b8a6-8fa4ceb136a7,South-South
False,True,109.2717906,False,FALSE,False,,,,formal_educ,Banham model primary school.,preprimary_and_primary,1337959804769.jpg,,False,TRUE,4.76244461 7.02614212 78.5999984741211 5.0,False,False,preprimary_and_primary,Port-Harcourt,645,645,645.0,0.930939226519337,True,port_harcourt,rivers,south_south,FALSE,1.0,1.0,7.0,699.0,10.0,19.0,,10.0,,public,True,1337959804769.jpg,541115,4952.01000211,,False,FALSE,FALSE,4.04046242774566,99.8571428571429,4.04046242774566,36.7894736842105,69.9,False,True,Banham model primary school.,education,Rivers,0.0,Others,False,False,FALSE,Inf,,FALSE,,rivers_port_harcourt,4b826921-b8b6-46f6-96e5-95086866b293,False,4b826921-b8b6-46f6-96e5-95086866b293,South-South
False,False,109.2717906,False,FALSE,True,,,,formal_educ,UPE Model Pry School Abuloma,primary_only,1338126529539.jpg,False,False,,4.776461720466614 7.060448527336121 37.0 4.0,False,False,primary_only,Port-Harcourt,645,645,645.0,0.947692307692308,True,port_harcourt,rivers,south_south,TRUE,0.0,0.0,8.0,633.0,6.0,19.0,,4.0,1600.0,public,False,1338126529539.jpg,541115,4952.01000211,,False,FALSE,FALSE,5.275,79.125,5.275,33.3157894736842,,True,True,UPE Model Pry School Abuloma,education,Rivers,0.0,Others,False,False,TRUE,Inf,2.52764612954186,FALSE,,rivers_port_harcourt,f852d61b-e8cb-42cb-b281-7aaff3294871,True,f852d61b-e8cb-42cb-b281-7aaff3294871,South-South
False,False,109.2717906,True,FALSE,False,,,,formal_educ,State school rebisi PH,preprimary_and_primary,1338214028741.jpg,,False,,4.79901519 6.99502385 47.900001525878906 5.0,False,False,preprimary_and_primary,Port-Harcourt,645,645,645.0,1.11570247933884,True,port_harcourt,rivers,south_south,FALSE,0.0,0.0,5.0,256.0,15.0,15.0,,2.0,946.0,public,False,1338214028741.jpg,541115,4952.01000211,,False,FALSE,FALSE,4.26666666666667,51.2,2.56,17.0666666666667,,True,False,State school rebisi PH,education,Rivers,20.0,Others,False,False,FALSE,Inf,3.6953125,FALSE,,rivers_port_harcourt,fe38c648-0001-4b9b-abb3-8a97dc924450,False,fe38c648-0001-4b9b-abb3-8a97dc924450,South-South
False,False,109.2717906,False,TRUE,False,,,,formal_educ,ST. Paul‘s state school 2 diobu Ph.,primary_only,1338051570496.jpg,True,False,TRUE,4.80904202 7.00782146 77.69999694824219 5.0,False,False,primary_only,Port-Harcourt,645,645,645.0,0.949843260188088,True,port_harcourt,rivers,south_south,TRUE,2.0,2.0,9.0,622.0,13.0,17.0,,3.0,2275.0,public,True,1338051570496.jpg,541115,4952.01000211,,True,FALSE,FALSE,12.44,69.1111111111111,2.488,36.5882352941176,62.2,False,,ST. Paul‘s state school 2 diobu Ph.,education,Rivers,0.0,Others,False,False,FALSE,Inf,3.65755627009646,FALSE,,rivers_port_harcourt,6d7092b6-ccc1-41ba-aa86-fd675ab26239,False,6d7092b6-ccc1-41ba-aa86-fd675ab26239,South-South
True,False,109.2717906,True,FALSE,True,,,,formal_educ,Township Model primary  school,preprimary_and_primary,1338021411406.jpg,True,True,TRUE,4.76683318 7.02337449 30.799999237060547 5.0,False,False,preprimary_and_primary,Port-Harcourt,645,645,645.0,0.979695431472081,False,port_harcourt,rivers,south_south,TRUE,0.0,0.0,13.0,390.0,14.0,14.0,,5.0,1440.0,public,True,1338021411406.jpg,541115,4952.01000211,,True,FALSE,FALSE,0.967741935483871,30,2,27.8571428571429,24.375,False,True,Township Model primary  school,education,Rivers,40.0,Others,False,False,FALSE,Inf,3.69230769230769,FALSE,,rivers_port_harcourt,b6c58a3a-3083-4f70-a492-195e251241cf,True,b6c58a3a-3083-4f70-a492-195e251241cf,South-South
True,False,109.2717906,True,FALSE,True,,,,formal_educ,St.Andrew‘s State School Block 1,preprimary_and_primary,1337984216058.jpg,True,True,TRUE,4.7927573 6.99594773 39.900001525878906 5.0,False,False,preprimary_and_primary,Port-Harcourt,645,645,645.0,0.822429906542056,False,port_harcourt,rivers,south_south,TRUE,0.0,0.0,13.0,390.0,15.0,15.0,,6.0,1440.0,public,True,1337984216058.jpg,541115,4952.01000211,,True,FALSE,FALSE,1.85714285714286,30,1.85714285714286,26,24.375,False,False,St.Andrew‘s State School Block 1,education,Rivers,0.0,Others,False,False,FALSE,Inf,3.69230769230769,FALSE,,rivers_port_harcourt,2ef721df-a966-4bd2-9629-f8301019bb1a,True,2ef721df-a966-4bd2-9629-f8301019bb1a,South-South
False,False,109.2717906,True,FALSE,True,,,,formal_educ,Community primary school nkpolu,preprimary_and_primary,1338213306852.jpg,True,False,TRUE,4.80485061 6.98983733 77.4000015258789 5.0,False,False,preprimary_and_primary,Port-Harcourt,645,645,645.0,1.06633906633907,True,port_harcourt,rivers,south_south,FALSE,0.0,1.0,4.0,841.0,0.0,29.0,,9.0,2435.0,public,True,1338213306852.jpg,541115,4952.01000211,,True,FALSE,FALSE,12.0142857142857,210.25,10.5125,29,70.0833333333333,False,False,Community primary school nkpolu,education,Rivers,25.0,Others,False,False,FALSE,14.5,2.89536266349584,FALSE,,rivers_port_harcourt,1973ef3d-5dbc-4a75-8b44-183fdc417ebf,False,1973ef3d-5dbc-4a75-8b44-183fdc417ebf,South-South
True,False,109.2717906,True,FALSE,True,,,,formal_educ,"Model primary school 2, orogbum",primary_only,1338193368179.jpg,True,True,TRUE,4.80400599 7.0064082 38.400001525878906 5.0,False,False,primary_only,Port-Harcourt,645,645,645.0,0.956043956043956,False,port_harcourt,rivers,south_south,TRUE,0.0,0.0,12.0,356.0,14.0,15.0,,9.0,1440.0,public,True,1338193368179.jpg,541115,4952.01000211,,True,TRUE,FALSE,2,29.6666666666667,2,23.7333333333333,,False,False,"Model primary school 2, orogbum",education,Rivers,0.0,Others,False,False,FALSE,Inf,4.04494382022472,FALSE,,rivers_port_harcourt,b7fd0ca1-f8a5-427e-acad-2541bac9e7b7,True,b7fd0ca1-f8a5-427e-acad-2541bac9e7b7,South-South
False,True,109.2717906,False,TRUE,True,,,,formal_educ,Township State Sch. II,primary_only,1337977616266.jpg,True,False,,4.76649721 7.01848474 34.400001525878906 5.0,False,False,primary_only,Port-Harcourt,645,645,645.0,0.7,True,port_harcourt,rivers,south_south,TRUE,,,13.0,595.0,0.0,11.0,,4.0,790.0,public,True,1337977616266.jpg,541115,4952.01000211,,False,FALSE,FALSE,6.61111111111111,45.7692307692308,7.4375,54.0909090909091,,False,False,Township State Sch. II,education,Rivers,0.0,Others,False,False,FALSE,Inf,1.32773109243697,FALSE,,rivers_port_harcourt,a2064996-0cbe-4a56-9bc7-4c2583af0d78,True,a2064996-0cbe-4a56-9bc7-4c2583af0d78,South-South
False,True,109.2717906,False,FALSE,False,,,,formal_educ,SeaBed Model Nur/Pri School,preprimary_and_primary,1337981917242.jpg,True,False,FALSE,4.77633582 7.01408484 37.5 5.0,False,False,preprimary_and_primary,Port-Harcourt,645,645,645.0,1.02941176470588,True,port_harcourt,rivers,south_south,TRUE,0.0,18.0,20.0,690.0,8.0,27.0,,11.0,2420.0,public,True,1337981917242.jpg,541115,4952.01000211,,True,FALSE,FALSE,43.125,34.5,1.38,25.5555555555556,,False,False,SeaBed Model Nur/Pri School,education,Rivers,500.0,Others,False,False,FALSE,Inf,3.50724637681159,FALSE,,rivers_port_harcourt,4f928d98-4b6a-4558-904e-3217cffb83bf,True,4f928d98-4b6a-4558-904e-3217cffb83bf,South-South
True,False,109.2717906,True,FALSE,True,,,,formal_educ,Army children school rainbow town,primary_only,1338135084519.jpg,True,True,TRUE,4.7991602 7.03053727 51.5 5.0,False,False,primary_only,Port-Harcourt,645,645,645.0,0.575221238938053,False,port_harcourt,rivers,south_south,TRUE,0.0,0.0,12.0,356.0,15.0,15.0,,12.0,1440.0,public,False,1338135084519.jpg,541115,4952.01000211,,True,FALSE,FALSE,7.12,29.6666666666667,2.37333333333333,23.7333333333333,,False,False,Army children school rainbow town,education,Rivers,30.0,Others,False,False,FALSE,Inf,4.04494382022472,FALSE,,rivers_port_harcourt,196bc69e-6302-403c-81e8-636645fa1aa8,True,196bc69e-6302-403c-81e8-636645fa1aa8,South-South
True,False,109.2717906,True,FALSE,True,,,,formal_educ,State primary school 2 borikiri,preprimary_only,1337951214620.jpg,True,True,TRUE,4.74978599 7.04119573 33.0 5.0,False,False,preprimary_only,Port-Harcourt,645,645,645.0,0.989795918367347,False,port_harcourt,rivers,south_south,TRUE,0.0,0.0,13.0,390.0,15.0,15.0,,8.0,0.0,public,False,1337951214620.jpg,541115,4952.01000211,,True,FALSE,FALSE,10.8333333333333,30,2.16666666666667,26,39,False,False,State primary school 2 borikiri,education,Rivers,0.0,Others,False,False,FALSE,Inf,0,FALSE,,rivers_port_harcourt,716743be-b987-4124-8e23-87c8a5b8a8ed,True,716743be-b987-4124-8e23-87c8a5b8a8ed,South-South
False,False,109.2717906,False,FALSE,False,,,,formal_educ,Community Secondary School Nkpolu Oroworukwo mile 3 PH,junior_and_senior_sec,1338035153156.jpg,True,False,,4.80895887 6.98821862 6.900000095367432 5.0,False,False,junior_and_senior_sec,Port-Harcourt,645,645,645.0,1.49844236760125,False,port_harcourt,rivers,south_south,FALSE,2.0,0.0,10.0,802.0,5.0,26.0,,10.0,870.0,public,True,1338035153156.jpg,541115,4952.01000211,,True,FALSE,FALSE,5.34666666666667,80.2,4.01,30.8461538461538,,False,True,Community Secondary School Nkpolu Oroworukwo mile 3 PH,education,Rivers,400.0,Others,False,False,FALSE,8.66666666666667,1.08478802992519,FALSE,,rivers_port_harcourt,c4695647-43d0-44be-ab29-58d8c6520031,False,c4695647-43d0-44be-ab29-58d8c6520031,South-South
False,False,109.2717906,True,FALSE,False,,,,formal_educ,Emadas foundation of knowledge academy,junior_and_senior_sec,1337947936309.jpg,,False,FALSE,4.74336188 7.04716507 22.200000762939453 5.0,False,False,junior_and_senior_sec,Port-Harcourt,645,645,645.0,,False,port_harcourt,rivers,south_south,FALSE,0.0,0.0,3.0,,0.0,10.0,,7.0,,private,True,1337947936309.jpg,541115,4952.01000211,,True,FALSE,FALSE,,,,,,False,False,Emadas foundation of knowledge academy,education,Rivers,2.0,Others,False,False,TRUE,Inf,,FALSE,,rivers_port_harcourt,bc98f82e-9610-4c4c-905b-ad03daad0d07,False,bc98f82e-9610-4c4c-905b-ad03daad0d07,South-South
False,True,109.2717906,False,FALSE,False,,,,formal_educ,State School Bernard Carr,primary_only,1337981181947.jpg,,False,,4.76648092 7.01852545 29.200000762939453 5.0,False,False,primary_only,Port-Harcourt,645,645,645.0,0.955974842767296,False,port_harcourt,rivers,south_south,TRUE,0.0,0.0,9.0,622.0,23.0,23.0,,14.0,440.0,public,False,1337981181947.jpg,541115,4952.01000211,,False,FALSE,FALSE,2.26181818181818,69.1111111111111,2.26181818181818,27.0434782608696,,False,False,State School Bernard Carr,education,Rivers,0.0,Others,False,False,TRUE,Inf,0.707395498392283,FALSE,,rivers_port_harcourt,091462c1-729a-4444-b402-cfb1ecfb0d2f,False,091462c1-729a-4444-b402-cfb1ecfb0d2f,South-South
False,False,109.2717906,False,FALSE,False,,,,formal_educ,Baptist Day School,preprimary_and_primary,1338285821669.jpg,,True,,4.76239289 7.0268347 55.20000076293945 5.0,False,False,preprimary_and_primary,Port-Harcourt,645,645,645.0,0.940677966101695,True,port_harcourt,rivers,south_south,TRUE,,0.0,7.0,229.0,4.0,10.0,,5.0,1236.0,public,True,1338285821669.jpg,541115,4952.01000211,,False,FALSE,FALSE,7.63333333333333,32.7142857142857,2.93589743589744,22.9,,False,True,Baptist Day School,education,Rivers,0.0,Others,False,False,FALSE,Inf,5.39737991266376,FALSE,,rivers_port_harcourt,08101fa7-ca0e-49ce-a8d1-d234bbe40c9e,True,08101fa7-ca0e-49ce-a8d1-d234bbe40c9e,South-South
False,False,109.2717906,False,FALSE,False,,,,formal_educ,Sacret Hart State School 2. Ilaobuchi Diobu,primary_only,1338033786876.jpg,True,False,TRUE,4.793365001678467 6.985706090927124 43.0 3.0,False,False,primary_only,Port-Harcourt,645,645,645.0,1.02714932126697,True,port_harcourt,rivers,south_south,FALSE,12.0,0.0,16.0,896.0,8.0,31.0,,4.0,704.0,public,False,1338033786876.jpg,541115,4952.01000211,,False,FALSE,TRUE,8.96,56,4.48,28.9032258064516,149.333333333333,False,False,Sacret Hart State School 2. Ilaobuchi Diobu,education,Rivers,0.0,Others,False,False,FALSE,Inf,0.785714285714286,FALSE,,rivers_port_harcourt,949ca182-2c87-4229-bf04-bcb0d7391143,False,949ca182-2c87-4229-bf04-bcb0d7391143,South-South
False,False,109.2717906,True,FALSE,False,,,,formal_educ,Enitonna High School,juniors_sec_only,1337944025194.jpg,False,False,,4.74308967590332 7.045572996139526 43.0 4.0,False,False,juniors_sec_only,Port-Harcourt,645,645,645.0,Inf,False,port_harcourt,rivers,south_south,TRUE,0.0,12.0,12.0,502.0,0.0,33.0,,2.0,12.0,public,True,1337944025194.jpg,541115,4952.01000211,,True,FALSE,FALSE,2.008,41.8333333333333,2.008,15.2121212121212,,True,,Enitonna High School,education,Rivers,400.0,Others,False,False,TRUE,6.6,0.0239043824701195,FALSE,,rivers_port_harcourt,9cb887f0-8b6c-4412-9bf1-4b068e2a37a3,False,9cb887f0-8b6c-4412-9bf1-4b068e2a37a3,South-South
False,False,109.2717906,False,FALSE,False,,,,formal_educ,St. Andrews State School 1 Diobu PH,primary_only,1338291976896.jpg,,False,,4.78719853 7.00744313 41.900001525878906 5.0,False,False,primary_only,Port-Harcourt,645,645,645.0,0.770700636942675,True,port_harcourt,rivers,south_south,FALSE,0.0,10.0,10.0,278.0,10.0,12.0,,8.0,1720.0,public,False,1338291976896.jpg,541115,4952.01000211,,False,FALSE,FALSE,3.70666666666667,27.8,2.31666666666667,23.1666666666667,,False,False,St. Andrews State School 1 Diobu PH,education,Rivers,0.0,Others,False,False,FALSE,6,6.18705035971223,FALSE,,rivers_port_harcourt,72ba4ef4-9cb6-4569-8d16-a9cbd164f03d,False,72ba4ef4-9cb6-4569-8d16-a9cbd164f03d,South-South
False,False,109.2717906,True,FALSE,False,,,,formal_educ,ST Thomos state school diobu,preprimary_and_primary,1338031434162.jpg,True,False,,4.79252845 7.0000102 28.200000762939453 5.0,False,False,preprimary_and_primary,Port-Harcourt,645,645,645.0,0.718861209964413,True,port_harcourt,rivers,south_south,TRUE,4.0,,19.0,483.0,10.0,21.0,,7.0,1989.0,public,True,1338031434162.jpg,541115,4952.01000211,,True,FALSE,FALSE,9.66,25.4210526315789,4.64423076923077,23,,False,False,ST Thomos state school diobu,education,Rivers,350.0,Others,False,False,FALSE,Inf,4.11801242236025,FALSE,,rivers_port_harcourt,c9501153-4e44-4a16-84b0-30bea6c4b7cf,False,c9501153-4e44-4a16-84b0-30bea6c4b7cf,South-South
False,False,109.2717906,True,FALSE,True,,,,formal_educ,Ube model primary school 2 D-line PH.,preprimary_and_primary,1338195383844.jpg,True,True,TRUE,4.8024778 6.99985446 30.700000762939453 5.0,False,False,preprimary_and_primary,Port-Harcourt,645,645,645.0,0.984375,False,port_harcourt,rivers,south_south,TRUE,0.0,2.0,16.0,635.0,0.0,25.0,,9.0,,public,False,1338195383844.jpg,541115,4952.01000211,,True,FALSE,FALSE,2.76086956521739,39.6875,2.76086956521739,25.4,63.5,True,False,Ube model primary school 2 D-line PH.,education,Rivers,0.0,Others,False,False,FALSE,Inf,,FALSE,,rivers_port_harcourt,b7964f7e-5f94-46c3-8201-7ffa625fc05b,True,b7964f7e-5f94-46c3-8201-7ffa625fc05b,South-South
True,False,109.2717906,True,FALSE,True,,,,formal_educ,State primary school 1 borikiri,primary_only,1337953773345.jpg,True,True,TRUE,4.75072929 7.04110437 33.099998474121094 5.0,False,False,primary_only,Port-Harcourt,645,645,645.0,0.8,False,port_harcourt,rivers,south_south,FALSE,0.0,0.0,12.0,360.0,6.0,18.0,,8.0,500.0,public,True,1337953773345.jpg,541115,4952.01000211,,True,FALSE,FALSE,7.2,30,2.4,20,30,False,False,State primary school 1 borikiri,education,Rivers,150.0,Others,False,False,FALSE,4.5,1.38888888888889,FALSE,,rivers_port_harcourt,26fc07b1-5d1e-4a31-893e-faa170903eaa,True,26fc07b1-5d1e-4a31-893e-faa170903eaa,South-South
False,False,109.2717906,False,FALSE,False,,,,formal_educ,Community secondary school amadi ama,junior_and_senior_sec,1338121920599.jpg,True,False,TRUE,4.7921102 7.03149508 38.70000076293945 5.0,False,False,junior_and_senior_sec,Port-Harcourt,645,645,645.0,0.794736842105263,False,port_harcourt,rivers,south_south,TRUE,0.0,,8.0,1364.0,6.0,38.0,,2.0,5456.0,public,True,1338121920599.jpg,541115,4952.01000211,,True,FALSE,FALSE,6.4952380952381,170.5,6.4952380952381,35.8947368421053,97.4285714285714,False,False,Community secondary school amadi ama,education,Rivers,0.0,Others,False,False,TRUE,19,4,FALSE,,rivers_port_harcourt,fa29c032-c552-4b2d-a63a-081112341ee0,True,fa29c032-c552-4b2d-a63a-081112341ee0,South-South
True,False,109.2717906,True,FALSE,True,,,,formal_educ,St Andrews State school,preprimary_and_primary,1338027480829.jpg,True,True,TRUE,4.79259844 6.99588363 38.20000076293945 5.0,False,False,preprimary_and_primary,Port-Harcourt,645,645,645.0,1.01030927835052,False,port_harcourt,rivers,south_south,TRUE,0.0,0.0,13.0,390.0,15.0,15.0,,2.0,,public,True,1338027480829.jpg,541115,4952.01000211,,True,FALSE,FALSE,5.13157894736842,30,1.95,26,24.375,False,False,St Andrews State school,education,Rivers,0.0,Others,False,False,FALSE,Inf,,FALSE,,rivers_port_harcourt,3ad1632f-a921-4428-920b-5a1a7a3208e6,True,3ad1632f-a921-4428-920b-5a1a7a3208e6,South-South
False,False,109.2717906,True,FALSE,True,,,,formal_educ,St. Andrews State School 2 Ikwerre Road. PH,preprimary_and_primary,1338292631704.jpg,,False,,4.78714348 7.00746419 36.70000076293945 5.0,False,False,preprimary_and_primary,Port-Harcourt,645,645,645.0,1.51111111111111,False,port_harcourt,rivers,south_south,FALSE,5.0,0.0,7.0,113.0,0.0,13.0,,2.0,1679.0,public,False,1338292631704.jpg,541115,4952.01000211,,False,FALSE,FALSE,1.50666666666667,16.1428571428571,1.50666666666667,8.69230769230769,,False,False,St. Andrews State School 2 Ikwerre Road. PH,education,Rivers,0.0,Others,False,False,TRUE,4.33333333333333,14.858407079646,FALSE,,rivers_port_harcourt,3f925350-5219-4627-9a46-8371c5a44440,True,3f925350-5219-4627-9a46-8371c5a44440,South-South
False,False,109.2717906,True,TRUE,True,,,,formal_educ,State School Elekahia,primary_only,1338116050900.jpg,True,False,FALSE,4.81396071 7.02104915 30.5 5.0,False,False,primary_only,Port-Harcourt,645,645,645.0,0.815217391304348,True,port_harcourt,rivers,south_south,TRUE,0.0,0.0,6.0,501.0,13.0,13.0,,4.0,1539.0,public,True,1338116050900.jpg,541115,4952.01000211,,True,FALSE,FALSE,3.4551724137931,83.5,3.4551724137931,38.5384615384615,100.2,False,False,State School Elekahia,education,Rivers,0.0,Others,False,False,FALSE,Inf,3.07185628742515,FALSE,,rivers_port_harcourt,5f5a7498-7b66-4974-8ceb-72ef7068f0db,False,5f5a7498-7b66-4974-8ceb-72ef7068f0db,South-South
False,False,109.2717906,False,FALSE,False,,,,formal_educ,Community Secondary School Abuloma,juniors_sec_only,1338132996630.jpg,True,False,,4.783156514167786 7.044108510017395 31.0 4.0,False,False,juniors_sec_only,Port-Harcourt,645,645,645.0,0.839248434237996,True,port_harcourt,rivers,south_south,TRUE,0.0,,8.0,881.0,12.0,38.0,,4.0,,public,True,1338132996630.jpg,541115,4952.01000211,,False,FALSE,FALSE,4.405,110.125,4.405,23.1842105263158,,True,,Community Secondary School Abuloma,education,Rivers,200.0,Others,False,False,TRUE,38,,FALSE,,rivers_port_harcourt,1cb31f0c-e198-41ee-96c3-1fd5bc171aa5,False,1cb31f0c-e198-41ee-96c3-1fd5bc171aa5,South-South
False,False,109.2717906,True,FALSE,False,,,,formal_educ,Sangana State School Mile 1 Diobu Port Harcourt,primary_only,1338305850032.jpg,True,True,TRUE,4.79246527 7.00032046 31.299999237060547 5.0,False,False,primary_only,Port-Harcourt,645,645,645.0,0.769679300291545,False,port_harcourt,rivers,south_south,TRUE,0.0,,19.0,607.0,0.0,29.0,,6.0,1720.0,public,False,1338305850032.jpg,541115,4952.01000211,,False,FALSE,FALSE,12.14,31.9473684210526,3.50867052023121,20.9310344827586,101.166666666667,False,False,Sangana State School Mile 1 Diobu Port Harcourt,education,Rivers,0.0,Others,False,False,FALSE,9.66666666666667,2.833607907743,FALSE,,rivers_port_harcourt,1a3e7a53-542d-49e6-bf26-177efd2cbcb6,False,1a3e7a53-542d-49e6-bf26-177efd2cbcb6,South-South
False,True,109.2717906,False,FALSE,False,,,,formal_educ,Community Secondary School PABOD,juniors_sec_only,1338025587987.jpg,,False,TRUE,4.78467524 7.01840107 25.899999618530273 5.0,False,False,juniors_sec_only,Port-Harcourt,645,645,645.0,0.755411255411255,True,port_harcourt,rivers,south_south,FALSE,2.0,0.0,6.0,811.0,7.0,25.0,,3.0,470.0,public,True,1338025587987.jpg,541115,4952.01000211,,True,FALSE,FALSE,6.43650793650794,135.166666666667,6.43650793650794,32.44,101.375,True,,Community Secondary School PABOD,education,Rivers,500.0,Others,False,False,TRUE,Inf,0.579531442663379,FALSE,,rivers_port_harcourt,37ff6fe3-fc22-4185-9abd-7e1c84dd6083,True,37ff6fe3-fc22-4185-9abd-7e1c84dd6083,South-South
False,False,109.2717906,False,FALSE,True,,,,formal_educ,Community Pry School Ozuboko Ama,primary_only,1338125074401.jpg,True,False,FALSE,4.775914549827576 7.043378949165344 37.0 4.0,False,False,primary_only,Port-Harcourt,645,645,645.0,0.970149253731343,True,port_harcourt,rivers,south_south,TRUE,0.0,0.0,12.0,396.0,14.0,14.0,,7.0,1702.0,public,False,1338125074401.jpg,541115,4952.01000211,,True,FALSE,FALSE,2.76923076923077,33,2.76923076923077,28.2857142857143,198,False,True,Community Pry School Ozuboko Ama,education,Rivers,0.0,Others,False,False,FALSE,Inf,4.2979797979798,FALSE,,rivers_port_harcourt,21d798d5-c2df-4ab2-af21-268702457a59,False,21d798d5-c2df-4ab2-af21-268702457a59,South-South
False,True,109.2717906,False,FALSE,True,,,,formal_educ,UBE Model Pri. Sch I Orominike,preprimary_and_primary,1338195397210.jpg,True,True,TRUE,4.80218646 6.99938929 25.600000381469727 2.0,False,False,preprimary_and_primary,Port-Harcourt,645,645,645.0,0.935960591133005,True,port_harcourt,rivers,south_south,TRUE,0.0,2.0,14.0,786.0,4.0,27.0,,6.0,3352.0,public,True,1338195397210.jpg,541115,4952.01000211,,True,FALSE,FALSE,3.41739130434783,56.1428571428571,3.41739130434783,29.1111111111111,131,False,False,UBE Model Pri. Sch I Orominike,education,Rivers,50.0,Others,False,False,FALSE,27,4.264631043257,FALSE,,rivers_port_harcourt,d322c976-c83f-4a33-a0dd-b9dbc4645217,True,d322c976-c83f-4a33-a0dd-b9dbc4645217,South-South
False,False,109.2717906,False,FALSE,False,,,,formal_educ,UPE Model Primary Sch.2,preprimary_and_primary,1337948215263.jpg,,False,,4.742370843887329 7.046613693237305 43.0 4.0,False,False,preprimary_and_primary,Port-Harcourt,645,645,645.0,0.83030303030303,True,port_harcourt,rivers,south_south,FALSE,0.0,,9.0,302.0,5.0,5.0,,3.0,0.0,public,False,1337948215263.jpg,541115,4952.01000211,,False,FALSE,FALSE,4.31428571428571,33.5555555555556,4.31428571428571,60.4,,False,,UPE Model Primary Sch.2,education,Rivers,0.0,Others,False,False,FALSE,Inf,0,FALSE,,rivers_port_harcourt,59f2bcdc-df7e-4be9-98a4-c0feb7f2ed8f,False,59f2bcdc-df7e-4be9-98a4-c0feb7f2ed8f,South-South
False,True,109.2717906,True,FALSE,True,,,,formal_educ,State primary school 1 orogbum,primary_only,1338193128500.jpg,True,True,TRUE,4.8042532 7.00565166 56.099998474121094 5.0,False,False,primary_only,Port-Harcourt,645,645,645.0,0.722488038277512,False,port_harcourt,rivers,south_south,TRUE,0.0,0.0,13.0,360.0,5.0,15.0,,10.0,1440.0,public,True,1338193128500.jpg,541115,4952.01000211,,True,FALSE,FALSE,0.927835051546392,27.6923076923077,0.923076923076923,24,30,True,True,State primary school 1 orogbum,education,Rivers,215.0,Others,False,False,TRUE,Inf,4,FALSE,,rivers_port_harcourt,5893ec3b-94a9-468d-a010-4e7be11ae01a,True,5893ec3b-94a9-468d-a010-4e7be11ae01a,South-South
False,True,109.2717906,False,FALSE,False,,,,formal_educ,ST. CYPRAINS STATE PRIMARY SCHOOL,primary_only,1338021140887.jpg,,False,TRUE,4.76406725 7.02196608 24.200000762939453 5.0,False,False,primary_only,Port-Harcourt,645,645,645.0,0.719827586206897,True,port_harcourt,rivers,south_south,FALSE,5.0,2.0,7.0,399.0,15.0,17.0,,7.0,3000.0,public,True,1338021140887.jpg,541115,4952.01000211,,True,FALSE,FALSE,7.98,57,2.34705882352941,23.4705882352941,66.5,False,False,ST. CYPRAINS STATE PRIMARY SCHOOL,education,Rivers,0.0,Others,False,False,FALSE,Inf,7.5187969924812,FALSE,,rivers_port_harcourt,3f696e92-8bd9-4e4d-a48a-08f7d8522a52,False,3f696e92-8bd9-4e4d-a48a-08f7d8522a52,South-South
False,False,109.2717906,False,FALSE,False,,,,formal_educ,ST Marys State School Aggrey Road Porthacourt,primary_only,1338020325501.jpg,True,False,TRUE,4.762058258056641 7.019121050834656 33.0 4.0,False,False,primary_only,Port-Harcourt,645,645,645.0,0.7725,True,port_harcourt,rivers,south_south,FALSE,0.0,0.0,15.0,709.0,5.0,17.0,,6.0,600.0,public,False,1338020325501.jpg,541115,4952.01000211,,False,FALSE,FALSE,7.09,47.2666666666667,3.93888888888889,41.7058823529412,64.4545454545455,False,False,ST Marys State School Aggrey Road Porthacourt,education,Rivers,0.0,Others,False,False,FALSE,Inf,0.846262341325811,FALSE,,rivers_port_harcourt,c7842a71-53d4-41f6-a174-a26743773f74,True,c7842a71-53d4-41f6-a174-a26743773f74,South-South
False,False,109.2717906,True,FALSE,False,,,,formal_educ,Community Secondary School Oroworukwu,juniors_sec_only,1338306943284.jpg,True,True,,4.8091308 6.98817623 36.599998474121094 5.0,False,False,juniors_sec_only,Port-Harcourt,645,645,645.0,1.49844236760125,True,port_harcourt,rivers,south_south,TRUE,0.0,10.0,19.0,802.0,15.0,29.0,,6.0,1720.0,public,True,1338306943284.jpg,541115,4952.01000211,,True,FALSE,FALSE,10.025,42.2105263157895,4.63583815028902,27.6551724137931,,False,False,Community Secondary School Oroworukwu,education,Rivers,0.0,Others,False,False,FALSE,9.66666666666667,2.14463840399003,FALSE,,rivers_port_harcourt,6e905f92-49c8-41cd-a19b-fed702e1ef7d,False,6e905f92-49c8-41cd-a19b-fed702e1ef7d,South-South
False,False,109.2717906,False,FALSE,False,,,,formal_educ,"Salvation Army State School Aggrey Rd PH.
",preprimary_and_primary,1337959072522.jpg,True,False,TRUE,4.762256741523743 7.02900230884552 33.0 3.0,False,False,preprimary_and_primary,Port-Harcourt,645,645,645.0,0.81294964028777,True,port_harcourt,rivers,south_south,TRUE,5.0,0.0,5.0,252.0,11.0,13.0,,2.0,1200.0,public,False,1337959072522.jpg,541115,4952.01000211,,False,FALSE,FALSE,3.15,50.4,3.15,19.3846153846154,42,False,False,"Salvation Army State School Aggrey Rd PH.
",education,Rivers,0.0,Others,False,False,FALSE,6.5,4.76190476190476,FALSE,,rivers_port_harcourt,ceef05bb-ae62-4ff9-8779-3d6199b1f033,False,ceef05bb-ae62-4ff9-8779-3d6199b1f033,South-South
False,True,109.2717906,False,FALSE,True,,,,formal_educ,"State primary school 1, churchill",preprimary_and_primary,1337955192285.jpg,True,True,FALSE,4.75623856 7.03617777 21.299999237060547 5.0,False,False,preprimary_and_primary,Port-Harcourt,645,645,645.0,1.01851851851852,False,port_harcourt,rivers,south_south,TRUE,2.0,,7.0,763.0,21.0,21.0,,5.0,2964.0,public,False,1337955192285.jpg,541115,4952.01000211,,True,FALSE,FALSE,19.075,109,14.3962264150943,36.3333333333333,763,False,False,"State primary school 1, churchill",education,Rivers,0.0,Others,False,False,FALSE,Inf,3.88466579292267,FALSE,,rivers_port_harcourt,9b9b75d5-0d98-4303-a07e-cc8dddd3abbb,True,9b9b75d5-0d98-4303-a07e-cc8dddd3abbb,South-South
False,False,109.2717906,False,FALSE,True,,,,formal_educ,Community Pry Sch Amadiama,preprimary_and_primary,1338121455029.jpg,True,False,TRUE,4.79652464389801 7.025821208953857 25.0 4.0,False,False,preprimary_and_primary,Port-Harcourt,645,645,645.0,1.04199475065617,True,port_harcourt,rivers,south_south,TRUE,0.0,,8.0,778.0,16.0,16.0,,6.0,2800.0,public,True,1338121455029.jpg,541115,4952.01000211,,True,FALSE,FALSE,6.48333333333333,97.25,7.78,48.625,155.6,False,False,Community Pry Sch Amadiama,education,Rivers,0.0,Others,False,False,TRUE,Inf,3.59897172236504,TRUE,,rivers_port_harcourt,622b9691-7112-4aa7-9c64-a0858a7d5c3e,False,622b9691-7112-4aa7-9c64-a0858a7d5c3e,South-South
False,False,109.2717906,True,FALSE,True,,,,formal_educ,"State primary school?, Amadi Ama",preprimary_and_primary,1338123337417.jpg,True,True,TRUE,4.79251065 7.02567045 29.100000381469727 5.0,False,False,preprimary_and_primary,Port-Harcourt,645,645,645.0,0.894736842105263,False,port_harcourt,rivers,south_south,TRUE,0.0,0.0,12.0,360.0,15.0,15.0,,3.0,1520.0,public,False,1338123337417.jpg,541115,4952.01000211,,True,FALSE,FALSE,2,30,2,24,45,False,False,"State primary school?, Amadi Ama",education,Rivers,0.0,Others,False,False,TRUE,Inf,4.22222222222222,FALSE,,rivers_port_harcourt,39ddb8f5-94b0-45ce-9f70-676f6dbb4f91,True,39ddb8f5-94b0-45ce-9f70-676f6dbb4f91,South-South
True,False,109.2717906,True,FALSE,True,,,,formal_educ,"Model Primary school, nkpolu oroworukwo",preprimary_and_primary,1338034924726.jpg,True,True,TRUE,4.80676096 6.98781958 22.799999237060547 5.0,False,False,preprimary_and_primary,Port-Harcourt,645,645,645.0,0.945945945945946,False,port_harcourt,rivers,south_south,TRUE,0.0,0.0,12.0,360.0,15.0,15.0,,4.0,1680.0,public,True,1338034924726.jpg,541115,4952.01000211,,True,FALSE,FALSE,2,30,2,24,,True,False,"Model Primary school, nkpolu oroworukwo",education,Rivers,0.0,Others,False,False,FALSE,Inf,4.66666666666667,FALSE,,rivers_port_harcourt,c024001a-3007-4161-9f7f-d0904cc4bc76,True,c024001a-3007-4161-9f7f-d0904cc4bc76,South-South
False,False,109.2717906,True,FALSE,False,,,,formal_educ,State School Ibadan,primary_only,1338215684870.jpg,True,False,TRUE,4.75787159 7.03278238 39.20000076293945 5.0,False,False,primary_only,Port-Harcourt,645,645,645.0,0.960893854748603,False,port_harcourt,rivers,south_south,FALSE,5.0,0.0,8.0,351.0,0.0,13.0,,5.0,2000.0,public,False,1338215684870.jpg,541115,4952.01000211,,False,TRUE,FALSE,4.3875,43.875,4.3875,27,58.5,False,False,State School Ibadan,education,Rivers,0.0,Others,False,False,FALSE,Inf,5.6980056980057,FALSE,,rivers_port_harcourt,7e3db0af-77ee-4850-8ef4-b9ed64e89c33,False,7e3db0af-77ee-4850-8ef4-b9ed64e89c33,South-South
False,False,109.2717906,False,FALSE,False,,,,formal_educ,Special school for handicapped children (UBE),primary_and_junior_sec,1337958261563.jpg,True,False,FALSE,4.75880202 7.03047764 37.099998474121094 5.0,False,False,primary_and_junior_sec,Port-Harcourt,645,645,645.0,1.765625,False,port_harcourt,rivers,south_south,TRUE,4.0,1.0,5.0,177.0,9.0,9.0,,2.0,8.0,public,True,1337958261563.jpg,541115,4952.01000211,,True,FALSE,FALSE,3.54,35.4,3.54,19.6666666666667,88.5,True,True,Special school for handicapped children (UBE),education,Rivers,70.0,Others,False,False,TRUE,9,0.0451977401129944,FALSE,,rivers_port_harcourt,d8e1dd2c-0148-46e5-bfec-d4aa8011d238,False,d8e1dd2c-0148-46e5-bfec-d4aa8011d238,South-South
False,False,109.2717906,True,FALSE,False,,,,formal_educ,Govt junior Secondary School Elekahia,juniors_sec_only,1338117235759.jpg,True,False,TRUE,4.81622431 7.02596851 37.70000076293945 5.0,False,False,juniors_sec_only,Port-Harcourt,645,645,645.0,0.575342465753425,False,port_harcourt,rivers,south_south,FALSE,10.0,0.0,10.0,1150.0,7.0,62.0,,4.0,1400.0,public,False,1338117235759.jpg,541115,4952.01000211,,True,FALSE,FALSE,11.5,115,7.66666666666667,18.5483870967742,95.8333333333333,False,False,Govt junior Secondary School Elekahia,education,Rivers,350.0,Others,False,False,FALSE,15.5,1.21739130434783,FALSE,,rivers_port_harcourt,027b8021-3d63-42b9-b36c-407200523c33,False,027b8021-3d63-42b9-b36c-407200523c33,South-South
False,False,109.2717906,False,FALSE,True,,,,formal_educ,State School Elechi Beach,preprimary_and_primary,1338289734314.jpg,,False,,4.78078762 6.99375139 23.0 5.0,False,False,preprimary_and_primary,Port-Harcourt,645,645,645.0,0.948275862068966,True,port_harcourt,rivers,south_south,FALSE,3.0,0.0,5.0,113.0,4.0,12.0,,6.0,0.0,public,False,1338289734314.jpg,541115,4952.01000211,,False,FALSE,FALSE,2.825,22.6,2.13207547169811,9.41666666666667,,False,False,State School Elechi Beach,education,Rivers,0.0,Others,False,False,FALSE,4,0,FALSE,,rivers_port_harcourt,853938fa-134a-495f-97c4-cea93fd10745,True,853938fa-134a-495f-97c4-cea93fd10745,South-South
False,False,109.2717906,False,FALSE,False,,,,formal_educ,Sacret Hart State School 1 Ilaobuchi Diobu,preprimary_and_primary,1338033410476.jpg,True,False,TRUE,4.793504476547241 6.985829472541809 55.0 4.0,False,False,preprimary_and_primary,Port-Harcourt,645,645,645.0,1.00688073394495,True,port_harcourt,rivers,south_south,TRUE,0.0,,6.0,875.0,6.0,28.0,,6.0,2940.0,public,True,1338033410476.jpg,541115,4952.01000211,,True,FALSE,FALSE,5.68181818181818,145.833333333333,5.68181818181818,31.25,97.2222222222222,False,False,Sacret Hart State School 1 Ilaobuchi Diobu,education,Rivers,0.0,Others,False,False,FALSE,Inf,3.36,FALSE,,rivers_port_harcourt,4a1c7c69-7db2-42a2-b4e0-d3b0947d0adc,True,4a1c7c69-7db2-42a2-b4e0-d3b0947d0adc,South-South
False,False,109.2717906,False,FALSE,False,,,,formal_educ,UPE Model Pry School 1 Borikiri,preprimary_and_primary,1337950444304.jpg,,False,,4.742864370346069 7.046200633049011 36.0 4.0,False,False,preprimary_and_primary,Port-Harcourt,645,645,645.0,0.944206008583691,True,port_harcourt,rivers,south_south,TRUE,0.0,,5.0,453.0,6.0,8.0,,6.0,0.0,public,False,1337950444304.jpg,541115,4952.01000211,,False,FALSE,FALSE,8.71153846153846,90.6,8.71153846153846,56.625,,False,,UPE Model Pry School 1 Borikiri,education,Rivers,0.0,Others,False,False,TRUE,8,0,FALSE,,rivers_port_harcourt,3bb524d6-02eb-47ed-a7cb-63de8d2e3175,False,3bb524d6-02eb-47ed-a7cb-63de8d2e3175,South-South
False,False,109.2717906,True,FALSE,True,,,,formal_educ,ST paul‘ Model primary School diobu Ph.,preprimary_and_primary,1338052234087.jpg,True,True,TRUE,4.80776904 7.00872672 39.599998474121094 5.0,False,False,preprimary_and_primary,Port-Harcourt,645,645,645.0,0.666666666666667,False,port_harcourt,rivers,south_south,TRUE,0.0,0.0,12.0,390.0,14.0,14.0,,8.0,1365.0,public,True,1338052234087.jpg,541115,4952.01000211,,True,FALSE,FALSE,2.16666666666667,32.5,2.16666666666667,27.8571428571429,97.5,False,False,ST paul‘ Model primary School diobu Ph.,education,Rivers,0.0,Others,False,False,FALSE,Inf,3.5,FALSE,,rivers_port_harcourt,9a14261a-ecee-4529-88d9-30f51a95cdc5,True,9a14261a-ecee-4529-88d9-30f51a95cdc5,South-South
False,False,109.2717906,True,FALSE,False,,,,formal_educ,Government comprehensive secondary school borikiri,juniors_sec_only,1337941454139.jpg,False,False,FALSE,4.74063089 7.0335364 28.899999618530273 5.0,False,False,juniors_sec_only,Port-Harcourt,645,645,645.0,Inf,False,port_harcourt,rivers,south_south,TRUE,3.0,,10.0,350.0,15.0,40.0,,4.0,78.0,public,True,1337941454139.jpg,541115,4952.01000211,,True,FALSE,FALSE,0.7,35,0.35,8.75,116.666666666667,False,False,Government comprehensive secondary school borikiri,education,Rivers,0.0,Others,False,False,TRUE,20,0.222857142857143,FALSE,,rivers_port_harcourt,770af25d-b8d3-4bd3-8a1e-6f404e3518cc,False,770af25d-b8d3-4bd3-8a1e-6f404e3518cc,South-South
False,False,109.2717906,False,FALSE,False,,,,formal_educ,Community model secondary school borikiri,juniors_sec_only,1337947127851.jpg,False,False,,4.74208745 7.04633674 31.899999618530273 5.0,False,False,juniors_sec_only,Port-Harcourt,645,645,645.0,0.368340943683409,True,port_harcourt,rivers,south_south,FALSE,4.0,2.0,11.0,1798.0,2.0,59.0,,3.0,6000.0,public,True,1337947127851.jpg,541115,4952.01000211,,False,TRUE,FALSE,8.99,163.454545454545,5.99333333333333,30.4745762711864,,False,False,Community model secondary school borikiri,education,Rivers,500.0,Others,False,False,FALSE,11.8,3.33704115684093,FALSE,,rivers_port_harcourt,1a0989e5-c9df-454c-85e8-31db4ec5c5b4,False,1a0989e5-c9df-454c-85e8-31db4ec5c5b4,South-South
True,False,109.2717906,False,FALSE,True,0.00274982466857,0.305567427979,,formal_educ,"Model secondary school, Gra",juniors_sec_only,1338047000469.jpg,True,False,TRUE,4.82290724 6.9989895 36.79999923706055 5.0,False,False,juniors_sec_only,Port-Harcourt,645,645,549.0,1.30625,False,port_harcourt,rivers,south_south,TRUE,0.0,2.0,10.0,369.0,5.0,39.0,,4.0,,public,True,1338047000469.jpg,541115,4952.01000211,,True,FALSE,FALSE,6.83333333333333,36.9,2.46,9.46153846153846,36.9,True,False,"Model secondary school, Gra",education,Rivers,0.0,Others,False,False,FALSE,9.75,,FALSE,,rivers_port_harcourt,c961170a-a7d9-4380-825a-ba53fd86e338,True,c961170a-a7d9-4380-825a-ba53fd86e338,South-South
False,False,109.2717906,False,FALSE,False,,,,formal_educ,ST john state school,primary_only,1337958487103.jpg,True,False,TRUE,4.75790935 7.03283445 77.80000305175781 5.0,False,False,primary_only,Port-Harcourt,645,645,645.0,0.991111111111111,True,port_harcourt,rivers,south_south,TRUE,2.0,,15.0,896.0,30.0,30.0,,13.0,4904.0,public,True,1337958487103.jpg,541115,4952.01000211,,True,FALSE,FALSE,4.48,59.7333333333333,2.66666666666667,29.8666666666667,99.5555555555556,False,True,ST john state school,education,Rivers,0.0,Others,False,False,FALSE,Inf,5.47321428571429,FALSE,,rivers_port_harcourt,6eb2efd8-13a2-46ca-8fb5-ccbc9ee749c7,False,6eb2efd8-13a2-46ca-8fb5-ccbc9ee749c7,South-South
False,False,109.2717906,False,FALSE,False,,,,formal_educ,State Primary School Okuruama,primary_only,1338133159326.jpg,True,False,,4.78720087 7.05700619 35.900001525878906 5.0,False,False,primary_only,Port-Harcourt,645,645,645.0,1.08670520231214,True,port_harcourt,rivers,south_south,TRUE,0.0,,9.0,361.0,5.0,10.0,,5.0,1600.0,public,False,1338133159326.jpg,541115,4952.01000211,,False,TRUE,FALSE,2.40666666666667,40.1111111111111,1.35205992509363,36.1,,True,False,State Primary School Okuruama,education,Rivers,0.0,Others,False,False,FALSE,Inf,4.43213296398892,FALSE,,rivers_port_harcourt,1dc098d7-842b-49e9-9a65-a59e66d172a8,False,1dc098d7-842b-49e9-9a65-a59e66d172a8,South-South
False,True,109.2717906,True,FALSE,True,,,,formal_educ,Community secondary school oroworukwo,junior_and_senior_sec,1338050434993.jpg,True,True,TRUE,4.80989991 7.00788066 52.900001525878906 3.0,False,False,junior_and_senior_sec,Port-Harcourt,645,645,645.0,1.00785634118967,True,port_harcourt,rivers,south_south,TRUE,0.0,,13.0,1789.0,10.0,51.0,,6.0,6940.0,public,True,1338050434993.jpg,541115,4952.01000211,,True,FALSE,FALSE,8.945,137.615384615385,4.42821782178218,35.078431372549,99.3888888888889,False,False,Community secondary school oroworukwo,education,Rivers,35.0,Others,False,False,TRUE,25.5,3.87926215762996,FALSE,,rivers_port_harcourt,8b76c338-ce23-41f7-be28-c2a5a76c3e59,False,8b76c338-ce23-41f7-be28-c2a5a76c3e59,South-South
False,False,109.2717906,True,FALSE,False,,,,formal_educ,Pabod model primary school old GRA PH.,preprimary_and_primary,1338211430173.jpg,,False,FALSE,4.78473161 7.01813404 29.399999618530273 5.0,False,False,preprimary_and_primary,Port-Harcourt,645,645,645.0,1.09433962264151,False,port_harcourt,rivers,south_south,TRUE,0.0,2.0,7.0,222.0,13.0,13.0,,5.0,366.0,public,True,1338211430173.jpg,541115,4952.01000211,,True,FALSE,FALSE,5.55,31.7142857142857,2.64285714285714,17.0769230769231,74,True,False,Pabod model primary school old GRA PH.,education,Rivers,50.0,Others,False,False,FALSE,Inf,1.64864864864865,FALSE,,rivers_port_harcourt,9a28d86e-40f2-42bd-9aa7-8a42b7f33212,False,9a28d86e-40f2-42bd-9aa7-8a42b7f33212,South-South
False,True,109.2717906,True,FALSE,True,,,,formal_educ,Immaculate Heart College,juniors_sec_only,1337905134750.jpg,True,True,TRUE,4.74167791 7.04256253 32.599998474121094 5.0,False,False,juniors_sec_only,Port-Harcourt,645,645,645.0,0.783132530120482,False,port_harcourt,rivers,south_south,TRUE,0.0,0.0,8.0,148.0,5.0,13.0,,1.0,11.0,private,True,1337905134750.jpg,541115,4952.01000211,,True,FALSE,FALSE,0.592,18.5,0.493333333333333,11.3846153846154,37,False,False,Immaculate Heart College,education,Rivers,0.0,Others,False,False,TRUE,Inf,0.0743243243243243,FALSE,,rivers_port_harcourt,0c9fcacd-3b61-41d8-9051-b321ad29d11e,True,0c9fcacd-3b61-41d8-9051-b321ad29d11e,South-South
False,False,109.2717906,True,FALSE,False,,,,formal_educ,Community primary school 2 Elekahia,preprimary_and_primary,1338114091845.jpg,True,False,TRUE,4.80778804 7.01468943 38.0 5.0,False,False,preprimary_and_primary,Port-Harcourt,645,645,645.0,0.797752808988764,True,port_harcourt,rivers,south_south,TRUE,1.0,,12.0,800.0,20.0,29.0,,6.0,,public,True,1338114091845.jpg,541115,4952.01000211,,True,FALSE,FALSE,11.4285714285714,66.6666666666667,5,27.5862068965517,80,False,False,Community primary school 2 Elekahia,education,Rivers,0.0,Others,False,False,FALSE,29,,FALSE,,rivers_port_harcourt,576049fe-e5c1-40c1-8afc-cb5528494581,True,576049fe-e5c1-40c1-8afc-cb5528494581,South-South
False,False,109.2717906,False,FALSE,False,,,,formal_educ,State Pry School 2 Church hill ,preprimary_and_primary,1337956208330.jpg,False,False,,4.757611155509949 7.037461996078491 30.0 4.0,False,False,preprimary_and_primary,Port-Harcourt,645,645,645.0,1.01443298969072,True,port_harcourt,rivers,south_south,FALSE,0.0,,6.0,977.0,22.0,22.0,,10.0,3000.0,public,False,1337956208330.jpg,541115,4952.01000211,,False,FALSE,FALSE,2.84011627906977,162.833333333333,2.84011627906977,44.4090909090909,,False,False,State Pry School 2 Church hill ,education,Rivers,0.0,Others,False,False,FALSE,Inf,3.07062436028659,FALSE,,rivers_port_harcourt,d0432105-4872-4b30-82ac-79a7d84e93e1,False,d0432105-4872-4b30-82ac-79a7d84e93e1,South-South
False,True,109.2717906,True,FALSE,False,0.00288906881647,0.321040524587,,formal_educ,Army children model school 1 GRA.,primary_only,1338046981700.jpg,True,False,,4.82312563 6.99869003 53.099998474121094 5.0,False,False,primary_only,Port-Harcourt,645,645,549.0,0.983908045977012,True,port_harcourt,rivers,south_south,TRUE,5.0,,20.0,863.0,12.0,32.0,,6.0,306.0,public,False,1338046981700.jpg,541115,4952.01000211,,False,FALSE,FALSE,5.75333333333333,43.15,2.43785310734463,26.96875,,False,False,Army children model school 1 GRA.,education,Rivers,0.0,Others,False,False,FALSE,32,0.354577056778679,FALSE,,rivers_port_harcourt,74b61461-3974-4ab9-9bd4-18bf66f415fa,False,74b61461-3974-4ab9-9bd4-18bf66f415fa,South-South
True,False,109.2717906,False,FALSE,True,,,,formal_educ,St. Andrew M.P S Block 2 Ikwerre Road PH,preprimary_and_primary,1338291251800.jpg,False,True,TRUE,4.79219032 6.99555515 30.899999618530273 5.0,False,False,preprimary_and_primary,Port-Harcourt,645,645,645.0,1.09302325581395,False,port_harcourt,rivers,south_south,TRUE,0.0,0.0,13.0,360.0,0.0,14.0,,2.0,240.0,public,True,1338291251800.jpg,541115,4952.01000211,,True,FALSE,FALSE,2,27.6923076923077,2,25.7142857142857,22.5,False,False,St. Andrew M.P S Block 2 Ikwerre Road PH,education,Rivers,1.0,Others,False,False,FALSE,4.66666666666667,0.666666666666667,FALSE,,rivers_port_harcourt,abd38dfe-9d9b-44d1-a6b8-5e4d63605a4b,True,abd38dfe-9d9b-44d1-a6b8-5e4d63605a4b,South-South
False,False,109.2717906,False,FALSE,False,,,,formal_educ,Holy Trinity State School Aggrey Road P H,preprimary_and_primary,1337959497360.jpg,True,False,FALSE,4.762229919433594 7.0286911725997925 22.0 4.0,False,False,preprimary_and_primary,Port-Harcourt,645,645,645.0,0.951219512195122,True,port_harcourt,rivers,south_south,TRUE,0.0,2.0,7.0,400.0,16.0,16.0,,6.0,2034.0,public,False,1337959497360.jpg,541115,4952.01000211,,False,TRUE,FALSE,4.59770114942529,57.1428571428571,2.66666666666667,25,100,False,False,Holy Trinity State School Aggrey Road P H,education,Rivers,0.0,Others,False,False,FALSE,Inf,5.085,FALSE,,rivers_port_harcourt,70c6a971-e43e-4d6b-ba06-e0eec7c6275e,False,70c6a971-e43e-4d6b-ba06-e0eec7c6275e,South-South
False,True,109.2717906,True,FALSE,True,,,,religious_with_formal,Immaculate Heart College,juniors_sec_only,1337988018060.jpg,True,True,TRUE,4.792112 6.99549181 36.900001525878906 5.0,False,False,juniors_sec_only,Port-Harcourt,645,645,645.0,0.783132530120482,True,port_harcourt,rivers,south_south,TRUE,0.0,0.0,10.0,148.0,0.0,25.0,,5.0,100.0,private,True,1337988018060.jpg,541115,4952.01000211,,True,FALSE,FALSE,1.23333333333333,14.8,1.23333333333333,5.92,24.6666666666667,False,False,Immaculate Heart College,education,Rivers,0.0,Others,False,False,TRUE,Inf,0.675675675675676,FALSE,,rivers_port_harcourt,f3b537de-ec76-40aa-9905-c96a816db6c5,True,f3b537de-ec76-40aa-9905-c96a816db6c5,South-South
False,False,109.2717906,False,FALSE,False,,,,formal_educ,Govt Girls secondary school,juniors_sec_only,1338194465225.jpg,False,False,,4.80148434 6.99850805 29.399999618530273 5.0,False,False,juniors_sec_only,Port-Harcourt,645,645,645.0,0,False,port_harcourt,rivers,south_south,TRUE,0.0,17.0,17.0,1954.0,0.0,55.0,,7.0,895.0,public,True,1338194465225.jpg,541115,4952.01000211,,True,FALSE,FALSE,4.15744680851064,114.941176470588,4.15744680851064,35.5272727272727,,True,False,Govt Girls secondary school,education,Rivers,500.0,Others,False,False,FALSE,Inf,0.458034800409417,FALSE,,rivers_port_harcourt,ee6c1846-7b00-41d6-ae1f-170536d45a60,True,ee6c1846-7b00-41d6-ae1f-170536d45a60,South-South
False,False,109.2717906,True,TRUE,False,,,,formal_educ,State School Elechi Beach,preprimary_and_primary,1338031359010.jpg,,False,,4.79228496 7.00056015 35.099998474121094 5.0,False,False,preprimary_and_primary,Port-Harcourt,645,645,645.0,0.948275862068966,True,port_harcourt,rivers,south_south,TRUE,0.0,0.0,4.0,113.0,0.0,6.0,,2.0,530.0,public,False,1338031359010.jpg,541115,4952.01000211,,False,TRUE,FALSE,1.71212121212121,28.25,Inf,18.8333333333333,,False,True,State School Elechi Beach,education,Rivers,0.0,Others,False,False,FALSE,Inf,4.69026548672566,FALSE,,rivers_port_harcourt,57c3b2f3-ab6c-414e-9966-19e39f0d61c0,False,57c3b2f3-ab6c-414e-9966-19e39f0d61c0,South-South
True,False,109.2717906,True,FALSE,True,,,,formal_educ,"Model primary school, Elekahia",primary_only,1338116209539.jpg,True,True,TRUE,4.81458711 7.02002005 26.100000381469727 5.0,False,False,primary_only,Port-Harcourt,645,645,645.0,0.904761904761905,False,port_harcourt,rivers,south_south,TRUE,0.0,0.0,12.0,360.0,15.0,15.0,,1.0,1440.0,public,True,1338116209539.jpg,541115,4952.01000211,,True,FALSE,FALSE,2,30,2,24,,False,False,"Model primary school, Elekahia",education,Rivers,0.0,Others,False,False,FALSE,Inf,4,FALSE,,rivers_port_harcourt,da1a3c94-0db2-4cc4-b3e3-556800413223,True,da1a3c94-0db2-4cc4-b3e3-556800413223,South-South
False,False,109.2717906,False,FALSE,False,,,,formal_educ,Universal Model Pry School BUNDU,primary_only,1338023504355.jpg,,False,,4.75415929 7.01322743 18.799999237060547 5.0,False,False,primary_only,Port-Harcourt,645,645,645.0,0.988372093023256,False,port_harcourt,rivers,south_south,TRUE,0.0,13.0,13.0,684.0,16.0,16.0,,4.0,1872.0,public,True,1338023504355.jpg,541115,4952.01000211,,True,FALSE,FALSE,4.32911392405063,52.6153846153846,4.32911392405063,42.75,,False,False,Universal Model Pry School BUNDU,education,Rivers,0.0,Others,False,False,TRUE,Inf,2.73684210526316,FALSE,,rivers_port_harcourt,e6c0f25f-5a96-4393-a582-9a685debd201,False,e6c0f25f-5a96-4393-a582-9a685debd201,South-South
True,False,109.2717906,True,FALSE,True,,,,formal_educ,St. Andrews State School Block 4,preprimary_and_primary,1338027588997.jpg,True,True,TRUE,4.79198826 6.99592306 38.599998474121094 5.0,False,False,preprimary_and_primary,Port-Harcourt,645,645,645.0,0.914893617021277,False,port_harcourt,rivers,south_south,TRUE,0.0,0.0,13.0,360.0,15.0,15.0,,8.0,1440.0,public,True,1338027588997.jpg,541115,4952.01000211,,True,FALSE,FALSE,4.5,27.6923076923077,1.71428571428571,24,22.5,False,False,St. Andrews State School Block 4,education,Rivers,0.0,Others,False,False,FALSE,Inf,4,FALSE,,rivers_port_harcourt,d3dfcaa4-61a5-4324-b141-e18fcfa9dd97,True,d3dfcaa4-61a5-4324-b141-e18fcfa9dd97,South-South
False,False,109.2717906,True,FALSE,False,0.00316033609259,0.351184281734,,formal_educ,Army Children Model School 2 GRA Phase 1,primary_only,1338046830816.jpg,,False,TRUE,4.823566675186157 6.99804425239563 41.0 3.0,False,False,primary_only,Port-Harcourt,645,645,549.0,0.796992481203007,False,port_harcourt,rivers,south_south,TRUE,3.0,,12.0,478.0,23.0,23.0,,9.0,1884.0,public,True,1338046830816.jpg,541115,4952.01000211,,False,TRUE,FALSE,6.37333333333333,39.8333333333333,3.98333333333333,20.7826086956522,95.6,True,False,Army Children Model School 2 GRA Phase 1,education,Rivers,0.0,Others,False,False,TRUE,Inf,3.94142259414226,FALSE,,rivers_port_harcourt,bde3ef91-30b6-4251-8031-b601e56d2d58,True,bde3ef91-30b6-4251-8031-b601e56d2d58,South-South
False,False,109.2717906,True,FALSE,False,,,,formal_educ,Community secondary school orogbum PH.,junior_and_senior_sec,1338214277687.jpg,,False,,4.79878388 6.99499062 38.5 5.0,False,False,junior_and_senior_sec,Port-Harcourt,645,645,645.0,1.46288209606987,True,port_harcourt,rivers,south_south,FALSE,,0.0,6.0,564.0,15.0,28.0,,17.0,,public,False,1338214277687.jpg,541115,4952.01000211,,False,FALSE,FALSE,14.1,94,9.4,20.1428571428571,,True,True,Community secondary school orogbum PH.,education,Rivers,550.0,Others,False,False,FALSE,9.33333333333333,,FALSE,,rivers_port_harcourt,f5e591de-d8c5-4b90-b8a6-8fa4ceb136a7,False,f5e591de-d8c5-4b90-b8a6-8fa4ceb136a7,South-South
False,True,109.2717906,False,FALSE,False,,,,formal_educ,Banham model primary school.,preprimary_and_primary,1337959804769.jpg,,False,TRUE,4.76244461 7.02614212 78.5999984741211 5.0,False,False,preprimary_and_primary,Port-Harcourt,645,645,645.0,0.930939226519337,True,port_harcourt,rivers,south_south,FALSE,1.0,1.0,7.0,699.0,10.0,19.0,,10.0,,public,True,1337959804769.jpg,541115,4952.01000211,,False,FALSE,FALSE,4.04046242774566,99.8571428571429,4.04046242774566,36.7894736842105,69.9,False,True,Banham model primary school.,education,Rivers,0.0,Others,False,False,FALSE,Inf,,FALSE,,rivers_port_harcourt,4b826921-b8b6-46f6-96e5-95086866b293,False,4b826921-b8b6-46f6-96e5-95086866b293,South-South
False,False,109.2717906,False,FALSE,True,,,,formal_educ,UPE Model Pry School Abuloma,primary_only,1338126529539.jpg,False,False,,4.776461720466614 7.060448527336121 37.0 4.0,False,False,primary_only,Port-Harcourt,645,645,645.0,0.947692307692308,True,port_harcourt,rivers,south_south,TRUE,0.0,0.0,8.0,633.0,6.0,19.0,,4.0,1600.0,public,False,1338126529539.jpg,541115,4952.01000211,,False,FALSE,FALSE,5.275,79.125,5.275,33.3157894736842,,True,True,UPE Model Pry School Abuloma,education,Rivers,0.0,Others,False,False,TRUE,Inf,2.52764612954186,FALSE,,rivers_port_harcourt,f852d61b-e8cb-42cb-b281-7aaff3294871,True,f852d61b-e8cb-42cb-b281-7aaff3294871,South-South
False,False,109.2717906,True,FALSE,False,,,,formal_educ,State school rebisi PH,preprimary_and_primary,1338214028741.jpg,,False,,4.79901519 6.99502385 47.900001525878906 5.0,False,False,preprimary_and_primary,Port-Harcourt,645,645,645.0,1.11570247933884,True,port_harcourt,rivers,south_south,FALSE,0.0,0.0,5.0,256.0,15.0,15.0,,2.0,946.0,public,False,1338214028741.jpg,541115,4952.01000211,,False,FALSE,FALSE,4.26666666666667,51.2,2.56,17.0666666666667,,True,False,State school rebisi PH,education,Rivers,20.0,Others,False,False,FALSE,Inf,3.6953125,FALSE,,rivers_port_harcourt,fe38c648-0001-4b9b-abb3-8a97dc924450,False,fe38c648-0001-4b9b-abb3-8a97dc924450,South-South
False,False,109.2717906,False,TRUE,False,,,,formal_educ,ST. Paul‘s state school 2 diobu Ph.,primary_only,1338051570496.jpg,True,False,TRUE,4.80904202 7.00782146 77.69999694824219 5.0,False,False,primary_only,Port-Harcourt,645,645,645.0,0.949843260188088,True,port_harcourt,rivers,south_south,TRUE,2.0,2.0,9.0,622.0,13.0,17.0,,3.0,2275.0,public,True,1338051570496.jpg,541115,4952.01000211,,True,FALSE,FALSE,12.44,69.1111111111111,2.488,36.5882352941176,62.2,False,,ST. Paul‘s state school 2 diobu Ph.,education,Rivers,0.0,Others,False,False,FALSE,Inf,3.65755627009646,FALSE,,rivers_port_harcourt,6d7092b6-ccc1-41ba-aa86-fd675ab26239,False,6d7092b6-ccc1-41ba-aa86-fd675ab26239,South-South
True,False,109.2717906,True,FALSE,True,,,,formal_educ,Township Model primary  school,preprimary_and_primary,1338021411406.jpg,True,True,TRUE,4.76683318 7.02337449 30.799999237060547 5.0,False,False,preprimary_and_primary,Port-Harcourt,645,645,645.0,0.979695431472081,False,port_harcourt,rivers,south_south,TRUE,0.0,0.0,13.0,390.0,14.0,14.0,,5.0,1440.0,public,True,1338021411406.jpg,541115,4952.01000211,,True,FALSE,FALSE,0.967741935483871,30,2,27.8571428571429,24.375,False,True,Township Model primary  school,education,Rivers,40.0,Others,False,False,FALSE,Inf,3.69230769230769,FALSE,,rivers_port_harcourt,b6c58a3a-3083-4f70-a492-195e251241cf,True,b6c58a3a-3083-4f70-a492-195e251241cf,South-South
True,False,109.2717906,True,FALSE,True,,,,formal_educ,St.Andrew‘s State School Block 1,preprimary_and_primary,1337984216058.jpg,True,True,TRUE,4.7927573 6.99594773 39.900001525878906 5.0,False,False,preprimary_and_primary,Port-Harcourt,645,645,645.0,0.822429906542056,False,port_harcourt,rivers,south_south,TRUE,0.0,0.0,13.0,390.0,15.0,15.0,,6.0,1440.0,public,True,1337984216058.jpg,541115,4952.01000211,,True,FALSE,FALSE,1.85714285714286,30,1.85714285714286,26,24.375,False,False,St.Andrew‘s State School Block 1,education,Rivers,0.0,Others,False,False,FALSE,Inf,3.69230769230769,FALSE,,rivers_port_harcourt,2ef721df-a966-4bd2-9629-f8301019bb1a,True,2ef721df-a966-4bd2-9629-f8301019bb1a,South-South
False,False,109.2717906,True,FALSE,True,,,,formal_educ,Community primary school nkpolu,preprimary_and_primary,1338213306852.jpg,True,False,TRUE,4.80485061 6.98983733 77.4000015258789 5.0,False,False,preprimary_and_primary,Port-Harcourt,645,645,645.0,1.06633906633907,True,port_harcourt,rivers,south_south,FALSE,0.0,1.0,4.0,841.0,0.0,29.0,,9.0,2435.0,public,True,1338213306852.jpg,541115,4952.01000211,,True,FALSE,FALSE,12.0142857142857,210.25,10.5125,29,70.0833333333333,False,False,Community primary school nkpolu,education,Rivers,25.0,Others,False,False,FALSE,14.5,2.89536266349584,FALSE,,rivers_port_harcourt,1973ef3d-5dbc-4a75-8b44-183fdc417ebf,False,1973ef3d-5dbc-4a75-8b44-183fdc417ebf,South-South
True,False,109.2717906,True,FALSE,True,,,,formal_educ,"Model primary school 2, orogbum",primary_only,1338193368179.jpg,True,True,TRUE,4.80400599 7.0064082 38.400001525878906 5.0,False,False,primary_only,Port-Harcourt,645,645,645.0,0.956043956043956,False,port_harcourt,rivers,south_south,TRUE,0.0,0.0,12.0,356.0,14.0,15.0,,9.0,1440.0,public,True,1338193368179.jpg,541115,4952.01000211,,True,TRUE,FALSE,2,29.6666666666667,2,23.7333333333333,,False,False,"Model primary school 2, orogbum",education,Rivers,0.0,Others,False,False,FALSE,Inf,4.04494382022472,FALSE,,rivers_port_harcourt,b7fd0ca1-f8a5-427e-acad-2541bac9e7b7,True,b7fd0ca1-f8a5-427e-acad-2541bac9e7b7,South-South
False,True,109.2717906,False,TRUE,True,,,,formal_educ,Township State Sch. II,primary_only,1337977616266.jpg,True,False,,4.76649721 7.01848474 34.400001525878906 5.0,False,False,primary_only,Port-Harcourt,645,645,645.0,0.7,True,port_harcourt,rivers,south_south,TRUE,,,13.0,595.0,0.0,11.0,,4.0,790.0,public,True,1337977616266.jpg,541115,4952.01000211,,False,FALSE,FALSE,6.61111111111111,45.7692307692308,7.4375,54.0909090909091,,False,False,Township State Sch. II,education,Rivers,0.0,Others,False,False,FALSE,Inf,1.32773109243697,FALSE,,rivers_port_harcourt,a2064996-0cbe-4a56-9bc7-4c2583af0d78,True,a2064996-0cbe-4a56-9bc7-4c2583af0d78,South-South
False,True,109.2717906,False,FALSE,False,,,,formal_educ,SeaBed Model Nur/Pri School,preprimary_and_primary,1337981917242.jpg,True,False,FALSE,4.77633582 7.01408484 37.5 5.0,False,False,preprimary_and_primary,Port-Harcourt,645,645,645.0,1.02941176470588,True,port_harcourt,rivers,south_south,TRUE,0.0,18.0,20.0,690.0,8.0,27.0,,11.0,2420.0,public,True,1337981917242.jpg,541115,4952.01000211,,True,FALSE,FALSE,43.125,34.5,1.38,25.5555555555556,,False,False,SeaBed Model Nur/Pri School,education,Rivers,500.0,Others,False,False,FALSE,Inf,3.50724637681159,FALSE,,rivers_port_harcourt,4f928d98-4b6a-4558-904e-3217cffb83bf,True,4f928d98-4b6a-4558-904e-3217cffb83bf,South-South
True,False,109.2717906,True,FALSE,True,,,,formal_educ,Army children school rainbow town,primary_only,1338135084519.jpg,True,True,TRUE,4.7991602 7.03053727 51.5 5.0,False,False,primary_only,Port-Harcourt,645,645,645.0,0.575221238938053,False,port_harcourt,rivers,south_south,TRUE,0.0,0.0,12.0,356.0,15.0,15.0,,12.0,1440.0,public,False,1338135084519.jpg,541115,4952.01000211,,True,FALSE,FALSE,7.12,29.6666666666667,2.37333333333333,23.7333333333333,,False,False,Army children school rainbow town,education,Rivers,30.0,Others,False,False,FALSE,Inf,4.04494382022472,FALSE,,rivers_port_harcourt,196bc69e-6302-403c-81e8-636645fa1aa8,True,196bc69e-6302-403c-81e8-636645fa1aa8,South-South
True,False,109.2717906,True,FALSE,True,,,,formal_educ,State primary school 2 borikiri,preprimary_only,1337951214620.jpg,True,True,TRUE,4.74978599 7.04119573 33.0 5.0,False,False,preprimary_only,Port-Harcourt,645,645,645.0,0.989795918367347,False,port_harcourt,rivers,south_south,TRUE,0.0,0.0,13.0,390.0,15.0,15.0,,8.0,0.0,public,False,1337951214620.jpg,541115,4952.01000211,,True,FALSE,FALSE,10.8333333333333,30,2.16666666666667,26,39,False,False,State primary school 2 borikiri,education,Rivers,0.0,Others,False,False,FALSE,Inf,0,FALSE,,rivers_port_harcourt,716743be-b987-4124-8e23-87c8a5b8a8ed,True,716743be-b987-4124-8e23-87c8a5b8a8ed,South-South
False,False,109.2717906,False,FALSE,False,,,,formal_educ,Community Secondary School Nkpolu Oroworukwo mile 3 PH,junior_and_senior_sec,1338035153156.jpg,True,False,,4.80895887 6.98821862 6.900000095367432 5.0,False,False,junior_and_senior_sec,Port-Harcourt,645,645,645.0,1.49844236760125,False,port_harcourt,rivers,south_south,FALSE,2.0,0.0,10.0,802.0,5.0,26.0,,10.0,870.0,public,True,1338035153156.jpg,541115,4952.01000211,,True,FALSE,FALSE,5.34666666666667,80.2,4.01,30.8461538461538,,False,True,Community Secondary School Nkpolu Oroworukwo mile 3 PH,education,Rivers,400.0,Others,False,False,FALSE,8.66666666666667,1.08478802992519,FALSE,,rivers_port_harcourt,c4695647-43d0-44be-ab29-58d8c6520031,False,c4695647-43d0-44be-ab29-58d8c6520031,South-South
False,False,109.2717906,True,FALSE,False,,,,formal_educ,Emadas foundation of knowledge academy,junior_and_senior_sec,1337947936309.jpg,,False,FALSE,4.74336188 7.04716507 22.200000762939453 5.0,False,False,junior_and_senior_sec,Port-Harcourt,645,645,645.0,,False,port_harcourt,rivers,south_south,FALSE,0.0,0.0,3.0,,0.0,10.0,,7.0,,private,True,1337947936309.jpg,541115,4952.01000211,,True,FALSE,FALSE,,,,,,False,False,Emadas foundation of knowledge academy,education,Rivers,2.0,Others,False,False,TRUE,Inf,,FALSE,,rivers_port_harcourt,bc98f82e-9610-4c4c-905b-ad03daad0d07,False,bc98f82e-9610-4c4c-905b-ad03daad0d07,South-South
False,True,109.2717906,False,FALSE,False,,,,formal_educ,State School Bernard Carr,primary_only,1337981181947.jpg,,False,,4.76648092 7.01852545 29.200000762939453 5.0,False,False,primary_only,Port-Harcourt,645,645,645.0,0.955974842767296,False,port_harcourt,rivers,south_south,TRUE,0.0,0.0,9.0,622.0,23.0,23.0,,14.0,440.0,public,False,1337981181947.jpg,541115,4952.01000211,,False,FALSE,FALSE,2.26181818181818,69.1111111111111,2.26181818181818,27.0434782608696,,False,False,State School Bernard Carr,education,Rivers,0.0,Others,False,False,TRUE,Inf,0.707395498392283,FALSE,,rivers_port_harcourt,091462c1-729a-4444-b402-cfb1ecfb0d2f,False,091462c1-729a-4444-b402-cfb1ecfb0d2f,South-South
False,False,109.2717906,False,FALSE,False,,,,formal_educ,Baptist Day School,preprimary_and_primary,1338285821669.jpg,,True,,4.76239289 7.0268347 55.20000076293945 5.0,False,False,preprimary_and_primary,Port-Harcourt,645,645,645.0,0.940677966101695,True,port_harcourt,rivers,south_south,TRUE,,0.0,7.0,229.0,4.0,10.0,,5.0,1236.0,public,True,1338285821669.jpg,541115,4952.01000211,,False,FALSE,FALSE,7.63333333333333,32.7142857142857,2.93589743589744,22.9,,False,True,Baptist Day School,education,Rivers,0.0,Others,False,False,FALSE,Inf,5.39737991266376,FALSE,,rivers_port_harcourt,08101fa7-ca0e-49ce-a8d1-d234bbe40c9e,True,08101fa7-ca0e-49ce-a8d1-d234bbe40c9e,South-South
False,False,109.2717906,False,FALSE,False,,,,formal_educ,Sacret Hart State School 2. Ilaobuchi Diobu,primary_only,1338033786876.jpg,True,False,TRUE,4.793365001678467 6.985706090927124 43.0 3.0,False,False,primary_only,Port-Harcourt,645,645,645.0,1.02714932126697,True,port_harcourt,rivers,south_south,FALSE,12.0,0.0,16.0,896.0,8.0,31.0,,4.0,704.0,public,False,1338033786876.jpg,541115,4952.01000211,,False,FALSE,TRUE,8.96,56,4.48,28.9032258064516,149.333333333333,False,False,Sacret Hart State School 2. Ilaobuchi Diobu,education,Rivers,0.0,Others,False,False,FALSE,Inf,0.785714285714286,FALSE,,rivers_port_harcourt,949ca182-2c87-4229-bf04-bcb0d7391143,False,949ca182-2c87-4229-bf04-bcb0d7391143,South-South
False,False,109.2717906,True,FALSE,False,,,,formal_educ,Enitonna High School,juniors_sec_only,1337944025194.jpg,False,False,,4.74308967590332 7.045572996139526 43.0 4.0,False,False,juniors_sec_only,Port-Harcourt,645,645,645.0,Inf,False,port_harcourt,rivers,south_south,TRUE,0.0,12.0,12.0,502.0,0.0,33.0,,2.0,12.0,public,True,1337944025194.jpg,541115,4952.01000211,,True,FALSE,FALSE,2.008,41.8333333333333,2.008,15.2121212121212,,True,,Enitonna High School,education,Rivers,400.0,Others,False,False,TRUE,6.6,0.0239043824701195,FALSE,,rivers_port_harcourt,9cb887f0-8b6c-4412-9bf1-4b068e2a37a3,False,9cb887f0-8b6c-4412-9bf1-4b068e2a37a3,South-South
False,False,109.2717906,False,FALSE,False,,,,formal_educ,St. Andrews State School 1 Diobu PH,primary_only,1338291976896.jpg,,False,,4.78719853 7.00744313 41.900001525878906 5.0,False,False,primary_only,Port-Harcourt,645,645,645.0,0.770700636942675,True,port_harcourt,rivers,south_south,FALSE,0.0,10.0,10.0,278.0,10.0,12.0,,8.0,1720.0,public,False,1338291976896.jpg,541115,4952.01000211,,False,FALSE,FALSE,3.70666666666667,27.8,2.31666666666667,23.1666666666667,,False,False,St. Andrews State School 1 Diobu PH,education,Rivers,0.0,Others,False,False,FALSE,6,6.18705035971223,FALSE,,rivers_port_harcourt,72ba4ef4-9cb6-4569-8d16-a9cbd164f03d,False,72ba4ef4-9cb6-4569-8d16-a9cbd164f03d,South-South
False,False,109.2717906,True,FALSE,False,,,,formal_educ,ST Thomos state school diobu,preprimary_and_primary,1338031434162.jpg,True,False,,4.79252845 7.0000102 28.200000762939453 5.0,False,False,preprimary_and_primary,Port-Harcourt,645,645,645.0,0.718861209964413,True,port_harcourt,rivers,south_south,TRUE,4.0,,19.0,483.0,10.0,21.0,,7.0,1989.0,public,True,1338031434162.jpg,541115,4952.01000211,,True,FALSE,FALSE,9.66,25.4210526315789,4.64423076923077,23,,False,False,ST Thomos state school diobu,education,Rivers,350.0,Others,False,False,FALSE,Inf,4.11801242236025,FALSE,,rivers_port_harcourt,c9501153-4e44-4a16-84b0-30bea6c4b7cf,False,c9501153-4e44-4a16-84b0-30bea6c4b7cf,South-South
False,False,109.2717906,True,FALSE,True,,,,formal_educ,Ube model primary school 2 D-line PH.,preprimary_and_primary,1338195383844.jpg,True,True,TRUE,4.8024778 6.99985446 30.700000762939453 5.0,False,False,preprimary_and_primary,Port-Harcourt,645,645,645.0,0.984375,False,port_harcourt,rivers,south_south,TRUE,0.0,2.0,16.0,635.0,0.0,25.0,,9.0,,public,False,1338195383844.jpg,541115,4952.01000211,,True,FALSE,FALSE,2.76086956521739,39.6875,2.76086956521739,25.4,63.5,True,False,Ube model primary school 2 D-line PH.,education,Rivers,0.0,Others,False,False,FALSE,Inf,,FALSE,,rivers_port_harcourt,b7964f7e-5f94-46c3-8201-7ffa625fc05b,True,b7964f7e-5f94-46c3-8201-7ffa625fc05b,South-South
True,False,109.2717906,True,FALSE,True,,,,formal_educ,State primary school 1 borikiri,primary_only,1337953773345.jpg,True,True,TRUE,4.75072929 7.04110437 33.099998474121094 5.0,False,False,primary_only,Port-Harcourt,645,645,645.0,0.8,False,port_harcourt,rivers,south_south,FALSE,0.0,0.0,12.0,360.0,6.0,18.0,,8.0,500.0,public,True,1337953773345.jpg,541115,4952.01000211,,True,FALSE,FALSE,7.2,30,2.4,20,30,False,False,State primary school 1 borikiri,education,Rivers,150.0,Others,False,False,FALSE,4.5,1.38888888888889,FALSE,,rivers_port_harcourt,26fc07b1-5d1e-4a31-893e-faa170903eaa,True,26fc07b1-5d1e-4a31-893e-faa170903eaa,South-South
False,False,109.2717906,False,FALSE,False,,,,formal_educ,Community secondary school amadi ama,junior_and_senior_sec,1338121920599.jpg,True,False,TRUE,4.7921102 7.03149508 38.70000076293945 5.0,False,False,junior_and_senior_sec,Port-Harcourt,645,645,645.0,0.794736842105263,False,port_harcourt,rivers,south_south,TRUE,0.0,,8.0,1364.0,6.0,38.0,,2.0,5456.0,public,True,1338121920599.jpg,541115,4952.01000211,,True,FALSE,FALSE,6.4952380952381,170.5,6.4952380952381,35.8947368421053,97.4285714285714,False,False,Community secondary school amadi ama,education,Rivers,0.0,Others,False,False,TRUE,19,4,FALSE,,rivers_port_harcourt,fa29c032-c552-4b2d-a63a-081112341ee0,True,fa29c032-c552-4b2d-a63a-081112341ee0,South-South
True,False,109.2717906,True,FALSE,True,,,,formal_educ,St Andrews State school,preprimary_and_primary,1338027480829.jpg,True,True,TRUE,4.79259844 6.99588363 38.20000076293945 5.0,False,False,preprimary_and_primary,Port-Harcourt,645,645,645.0,1.01030927835052,False,port_harcourt,rivers,south_south,TRUE,0.0,0.0,13.0,390.0,15.0,15.0,,2.0,,public,True,1338027480829.jpg,541115,4952.01000211,,True,FALSE,FALSE,5.13157894736842,30,1.95,26,24.375,False,False,St Andrews State school,education,Rivers,0.0,Others,False,False,FALSE,Inf,,FALSE,,rivers_port_harcourt,3ad1632f-a921-4428-920b-5a1a7a3208e6,True,3ad1632f-a921-4428-920b-5a1a7a3208e6,South-South
False,False,109.2717906,True,FALSE,True,,,,formal_educ,St. Andrews State School 2 Ikwerre Road. PH,preprimary_and_primary,1338292631704.jpg,,False,,4.78714348 7.00746419 36.70000076293945 5.0,False,False,preprimary_and_primary,Port-Harcourt,645,645,645.0,1.51111111111111,False,port_harcourt,rivers,south_south,FALSE,5.0,0.0,7.0,113.0,0.0,13.0,,2.0,1679.0,public,False,1338292631704.jpg,541115,4952.01000211,,False,FALSE,FALSE,1.50666666666667,16.1428571428571,1.50666666666667,8.69230769230769,,False,False,St. Andrews State School 2 Ikwerre Road. PH,education,Rivers,0.0,Others,False,False,TRUE,4.33333333333333,14.858407079646,FALSE,,rivers_port_harcourt,3f925350-5219-4627-9a46-8371c5a44440,True,3f925350-5219-4627-9a46-8371c5a44440,South-South
False,False,109.2717906,True,TRUE,True,,,,formal_educ,State School Elekahia,primary_only,1338116050900.jpg,True,False,FALSE,4.81396071 7.02104915 30.5 5.0,False,False,primary_only,Port-Harcourt,645,645,645.0,0.815217391304348,True,port_harcourt,rivers,south_south,TRUE,0.0,0.0,6.0,501.0,13.0,13.0,,4.0,1539.0,public,True,1338116050900.jpg,541115,4952.01000211,,True,FALSE,FALSE,3.4551724137931,83.5,3.4551724137931,38.5384615384615,100.2,False,False,State School Elekahia,education,Rivers,0.0,Others,False,False,FALSE,Inf,3.07185628742515,FALSE,,rivers_port_harcourt,5f5a7498-7b66-4974-8ceb-72ef7068f0db,False,5f5a7498-7b66-4974-8ceb-72ef7068f0db,South-South
False,False,109.2717906,False,FALSE,False,,,,formal_educ,Community Secondary School Abuloma,juniors_sec_only,1338132996630.jpg,True,False,,4.783156514167786 7.044108510017395 31.0 4.0,False,False,juniors_sec_only,Port-Harcourt,645,645,645.0,0.839248434237996,True,port_harcourt,rivers,south_south,TRUE,0.0,,8.0,881.0,12.0,38.0,,4.0,,public,True,1338132996630.jpg,541115,4952.01000211,,False,FALSE,FALSE,4.405,110.125,4.405,23.1842105263158,,True,,Community Secondary School Abuloma,education,Rivers,200.0,Others,False,False,TRUE,38,,FALSE,,rivers_port_harcourt,1cb31f0c-e198-41ee-96c3-1fd5bc171aa5,False,1cb31f0c-e198-41ee-96c3-1fd5bc171aa5,South-South
False,False,109.2717906,True,FALSE,False,,,,formal_educ,Sangana State School Mile 1 Diobu Port Harcourt,primary_only,1338305850032.jpg,True,True,TRUE,4.79246527 7.00032046 31.299999237060547 5.0,False,False,primary_only,Port-Harcourt,645,645,645.0,0.769679300291545,False,port_harcourt,rivers,south_south,TRUE,0.0,,19.0,607.0,0.0,29.0,,6.0,1720.0,public,False,1338305850032.jpg,541115,4952.01000211,,False,FALSE,FALSE,12.14,31.9473684210526,3.50867052023121,20.9310344827586,101.166666666667,False,False,Sangana State School Mile 1 Diobu Port Harcourt,education,Rivers,0.0,Others,False,False,FALSE,9.66666666666667,2.833607907743,FALSE,,rivers_port_harcourt,1a3e7a53-542d-49e6-bf26-177efd2cbcb6,False,1a3e7a53-542d-49e6-bf26-177efd2cbcb6,South-South
False,True,109.2717906,False,FALSE,False,,,,formal_educ,Community Secondary School PABOD,juniors_sec_only,1338025587987.jpg,,False,TRUE,4.78467524 7.01840107 25.899999618530273 5.0,False,False,juniors_sec_only,Port-Harcourt,645,645,645.0,0.755411255411255,True,port_harcourt,rivers,south_south,FALSE,2.0,0.0,6.0,811.0,7.0,25.0,,3.0,470.0,public,True,1338025587987.jpg,541115,4952.01000211,,True,FALSE,FALSE,6.43650793650794,135.166666666667,6.43650793650794,32.44,101.375,True,,Community Secondary School PABOD,education,Rivers,500.0,Others,False,False,TRUE,Inf,0.579531442663379,FALSE,,rivers_port_harcourt,37ff6fe3-fc22-4185-9abd-7e1c84dd6083,True,37ff6fe3-fc22-4185-9abd-7e1c84dd6083,South-South
False,False,109.2717906,False,FALSE,True,,,,formal_educ,Community Pry School Ozuboko Ama,primary_only,1338125074401.jpg,True,False,FALSE,4.775914549827576 7.043378949165344 37.0 4.0,False,False,primary_only,Port-Harcourt,645,645,645.0,0.970149253731343,True,port_harcourt,rivers,south_south,TRUE,0.0,0.0,12.0,396.0,14.0,14.0,,7.0,1702.0,public,False,1338125074401.jpg,541115,4952.01000211,,True,FALSE,FALSE,2.76923076923077,33,2.76923076923077,28.2857142857143,198,False,True,Community Pry School Ozuboko Ama,education,Rivers,0.0,Others,False,False,FALSE,Inf,4.2979797979798,FALSE,,rivers_port_harcourt,21d798d5-c2df-4ab2-af21-268702457a59,False,21d798d5-c2df-4ab2-af21-268702457a59,South-South
False,True,109.2717906,False,FALSE,True,,,,formal_educ,UBE Model Pri. Sch I Orominike,preprimary_and_primary,1338195397210.jpg,True,True,TRUE,4.80218646 6.99938929 25.600000381469727 2.0,False,False,preprimary_and_primary,Port-Harcourt,645,645,645.0,0.935960591133005,True,port_harcourt,rivers,south_south,TRUE,0.0,2.0,14.0,786.0,4.0,27.0,,6.0,3352.0,public,True,1338195397210.jpg,541115,4952.01000211,,True,FALSE,FALSE,3.41739130434783,56.1428571428571,3.41739130434783,29.1111111111111,131,False,False,UBE Model Pri. Sch I Orominike,education,Rivers,50.0,Others,False,False,FALSE,27,4.264631043257,FALSE,,rivers_port_harcourt,d322c976-c83f-4a33-a0dd-b9dbc4645217,True,d322c976-c83f-4a33-a0dd-b9dbc4645217,South-South
False,False,109.2717906,False,FALSE,False,,,,formal_educ,UPE Model Primary Sch.2,preprimary_and_primary,1337948215263.jpg,,False,,4.742370843887329 7.046613693237305 43.0 4.0,False,False,preprimary_and_primary,Port-Harcourt,645,645,645.0,0.83030303030303,True,port_harcourt,rivers,south_south,FALSE,0.0,,9.0,302.0,5.0,5.0,,3.0,0.0,public,False,1337948215263.jpg,541115,4952.01000211,,False,FALSE,FALSE,4.31428571428571,33.5555555555556,4.31428571428571,60.4,,False,,UPE Model Primary Sch.2,education,Rivers,0.0,Others,False,False,FALSE,Inf,0,FALSE,,rivers_port_harcourt,59f2bcdc-df7e-4be9-98a4-c0feb7f2ed8f,False,59f2bcdc-df7e-4be9-98a4-c0feb7f2ed8f,South-South
False,True,109.2717906,True,FALSE,True,,,,formal_educ,State primary school 1 orogbum,primary_only,1338193128500.jpg,True,True,TRUE,4.8042532 7.00565166 56.099998474121094 5.0,False,False,primary_only,Port-Harcourt,645,645,645.0,0.722488038277512,False,port_harcourt,rivers,south_south,TRUE,0.0,0.0,13.0,360.0,5.0,15.0,,10.0,1440.0,public,True,1338193128500.jpg,541115,4952.01000211,,True,FALSE,FALSE,0.927835051546392,27.6923076923077,0.923076923076923,24,30,True,True,State primary school 1 orogbum,education,Rivers,215.0,Others,False,False,TRUE,Inf,4,FALSE,,rivers_port_harcourt,5893ec3b-94a9-468d-a010-4e7be11ae01a,True,5893ec3b-94a9-468d-a010-4e7be11ae01a,South-South
False,True,109.2717906,False,FALSE,False,,,,formal_educ,ST. CYPRAINS STATE PRIMARY SCHOOL,primary_only,1338021140887.jpg,,False,TRUE,4.76406725 7.02196608 24.200000762939453 5.0,False,False,primary_only,Port-Harcourt,645,645,645.0,0.719827586206897,True,port_harcourt,rivers,south_south,FALSE,5.0,2.0,7.0,399.0,15.0,17.0,,7.0,3000.0,public,True,1338021140887.jpg,541115,4952.01000211,,True,FALSE,FALSE,7.98,57,2.34705882352941,23.4705882352941,66.5,False,False,ST. CYPRAINS STATE PRIMARY SCHOOL,education,Rivers,0.0,Others,False,False,FALSE,Inf,7.5187969924812,FALSE,,rivers_port_harcourt,3f696e92-8bd9-4e4d-a48a-08f7d8522a52,False,3f696e92-8bd9-4e4d-a48a-08f7d8522a52,South-South
False,False,109.2717906,False,FALSE,False,,,,formal_educ,ST Marys State School Aggrey Road Porthacourt,primary_only,1338020325501.jpg,True,False,TRUE,4.762058258056641 7.019121050834656 33.0 4.0,False,False,primary_only,Port-Harcourt,645,645,645.0,0.7725,True,port_harcourt,rivers,south_south,FALSE,0.0,0.0,15.0,709.0,5.0,17.0,,6.0,600.0,public,False,1338020325501.jpg,541115,4952.01000211,,False,FALSE,FALSE,7.09,47.2666666666667,3.93888888888889,41.7058823529412,64.4545454545455,False,False,ST Marys State School Aggrey Road Porthacourt,education,Rivers,0.0,Others,False,False,FALSE,Inf,0.846262341325811,FALSE,,rivers_port_harcourt,c7842a71-53d4-41f6-a174-a26743773f74,True,c7842a71-53d4-41f6-a174-a26743773f74,South-South
False,False,109.2717906,True,FALSE,False,,,,formal_educ,Community Secondary School Oroworukwu,juniors_sec_only,1338306943284.jpg,True,True,,4.8091308 6.98817623 36.599998474121094 5.0,False,False,juniors_sec_only,Port-Harcourt,645,645,645.0,1.49844236760125,True,port_harcourt,rivers,south_south,TRUE,0.0,10.0,19.0,802.0,15.0,29.0,,6.0,1720.0,public,True,1338306943284.jpg,541115,4952.01000211,,True,FALSE,FALSE,10.025,42.2105263157895,4.63583815028902,27.6551724137931,,False,False,Community Secondary School Oroworukwu,education,Rivers,0.0,Others,False,False,FALSE,9.66666666666667,2.14463840399003,FALSE,,rivers_port_harcourt,6e905f92-49c8-41cd-a19b-fed702e1ef7d,False,6e905f92-49c8-41cd-a19b-fed702e1ef7d,South-South
False,False,109.2717906,False,FALSE,False,,,,formal_educ,"Salvation Army State School Aggrey Rd PH.
",preprimary_and_primary,1337959072522.jpg,True,False,TRUE,4.762256741523743 7.02900230884552 33.0 3.0,False,False,preprimary_and_primary,Port-Harcourt,645,645,645.0,0.81294964028777,True,port_harcourt,rivers,south_south,TRUE,5.0,0.0,5.0,252.0,11.0,13.0,,2.0,1200.0,public,False,1337959072522.jpg,541115,4952.01000211,,False,FALSE,FALSE,3.15,50.4,3.15,19.3846153846154,42,False,False,"Salvation Army State School Aggrey Rd PH.
",education,Rivers,0.0,Others,False,False,FALSE,6.5,4.76190476190476,FALSE,,rivers_port_harcourt,ceef05bb-ae62-4ff9-8779-3d6199b1f033,False,ceef05bb-ae62-4ff9-8779-3d6199b1f033,South-South
False,True,109.2717906,False,FALSE,True,,,,formal_educ,"State primary school 1, churchill",preprimary_and_primary,1337955192285.jpg,True,True,FALSE,4.75623856 7.03617777 21.299999237060547 5.0,False,False,preprimary_and_primary,Port-Harcourt,645,645,645.0,1.01851851851852,False,port_harcourt,rivers,south_south,TRUE,2.0,,7.0,763.0,21.0,21.0,,5.0,2964.0,public,False,1337955192285.jpg,541115,4952.01000211,,True,FALSE,FALSE,19.075,109,14.3962264150943,36.3333333333333,763,False,False,"State primary school 1, churchill",education,Rivers,0.0,Others,False,False,FALSE,Inf,3.88466579292267,FALSE,,rivers_port_harcourt,9b9b75d5-0d98-4303-a07e-cc8dddd3abbb,True,9b9b75d5-0d98-4303-a07e-cc8dddd3abbb,South-South
False,False,109.2717906,False,FALSE,True,,,,formal_educ,Community Pry Sch Amadiama,preprimary_and_primary,1338121455029.jpg,True,False,TRUE,4.79652464389801 7.025821208953857 25.0 4.0,False,False,preprimary_and_primary,Port-Harcourt,645,645,645.0,1.04199475065617,True,port_harcourt,rivers,south_south,TRUE,0.0,,8.0,778.0,16.0,16.0,,6.0,2800.0,public,True,1338121455029.jpg,541115,4952.01000211,,True,FALSE,FALSE,6.48333333333333,97.25,7.78,48.625,155.6,False,False,Community Pry Sch Amadiama,education,Rivers,0.0,Others,False,False,TRUE,Inf,3.59897172236504,TRUE,,rivers_port_harcourt,622b9691-7112-4aa7-9c64-a0858a7d5c3e,False,622b9691-7112-4aa7-9c64-a0858a7d5c3e,South-South
False,False,109.2717906,True,FALSE,True,,,,formal_educ,"State primary school?, Amadi Ama",preprimary_and_primary,1338123337417.jpg,True,True,TRUE,4.79251065 7.02567045 29.100000381469727 5.0,False,False,preprimary_and_primary,Port-Harcourt,645,645,645.0,0.894736842105263,False,port_harcourt,rivers,south_south,TRUE,0.0,0.0,12.0,360.0,15.0,15.0,,3.0,1520.0,public,False,1338123337417.jpg,541115,4952.01000211,,True,FALSE,FALSE,2,30,2,24,45,False,False,"State primary school?, Amadi Ama",education,Rivers,0.0,Others,False,False,TRUE,Inf,4.22222222222222,FALSE,,rivers_port_harcourt,39ddb8f5-94b0-45ce-9f70-676f6dbb4f91,True,39ddb8f5-94b0-45ce-9f70-676f6dbb4f91,South-South
True,False,109.2717906,True,FALSE,True,,,,formal_educ,"Model Primary school, nkpolu oroworukwo",preprimary_and_primary,1338034924726.jpg,True,True,TRUE,4.80676096 6.98781958 22.799999237060547 5.0,False,False,preprimary_and_primary,Port-Harcourt,645,645,645.0,0.945945945945946,False,port_harcourt,rivers,south_south,TRUE,0.0,0.0,12.0,360.0,15.0,15.0,,4.0,1680.0,public,True,1338034924726.jpg,541115,4952.01000211,,True,FALSE,FALSE,2,30,2,24,,True,False,"Model Primary school, nkpolu oroworukwo",education,Rivers,0.0,Others,False,False,FALSE,Inf,4.66666666666667,FALSE,,rivers_port_harcourt,c024001a-3007-4161-9f7f-d0904cc4bc76,True,c024001a-3007-4161-9f7f-d0904cc4bc76,South-South
False,False,109.2717906,True,FALSE,False,,,,formal_educ,State School Ibadan,primary_only,1338215684870.jpg,True,False,TRUE,4.75787159 7.03278238 39.20000076293945 5.0,False,False,primary_only,Port-Harcourt,645,645,645.0,0.960893854748603,False,port_harcourt,rivers,south_south,FALSE,5.0,0.0,8.0,351.0,0.0,13.0,,5.0,2000.0,public,False,1338215684870.jpg,541115,4952.01000211,,False,TRUE,FALSE,4.3875,43.875,4.3875,27,58.5,False,False,State School Ibadan,education,Rivers,0.0,Others,False,False,FALSE,Inf,5.6980056980057,FALSE,,rivers_port_harcourt,7e3db0af-77ee-4850-8ef4-b9ed64e89c33,False,7e3db0af-77ee-4850-8ef4-b9ed64e89c33,South-South
