breakdown,classification,community,dist_euc,dist_fake,distribution_type,formhub_photo_id,functional,gps,is_improved,lga,lga_id,lga_orig,lga_valid,lift_mechanism,pay_for_water_yn,photo,sector,state,unique_lga,uuid,ward,water_point_type,water_scheme_type,water_source_type,x_id,zone
Functional,,Maberaya South,,,Stand Alone Water Point,1339842657317.jpg,Yes,13.05072144 6.52621011 344.20001220703125 5.0,True,Shinkafi,678,678,678.0,Hand Pump,No,1339842657317.jpg,water,Zamfara,zamfara_shinkafi,7ed13ab2-a012-4fd4-bbff-7949a45e40b2,Shinkafi south,Borehole,water_source,borehole_tube_well,7ed13ab2-a012-4fd4-bbff-7949a45e40b2,Northwest
Poorly Constructed,,Jannuhu,,,Stand Alone Water Point,1339595486828.jpg,No,13.145275712013245 6.3603222370147705 342.0 4.0,False,Shinkafi,678,678,678.0,,No,1339595486828.jpg,water,Zamfara,zamfara_shinkafi,f4583bab-45ce-47ea-b03d-b33baec8c23f,Katuru,Unimproved Well,water_source,unprotected_dug_well,f4583bab-45ce-47ea-b03d-b33baec8c23f,Northwest
Functional,,KAN WIRI,,,Stand Alone Water Point,1339770908374.jpg,Yes,12.93550136 6.61943402 384.20001220703125 4.0,False,Shinkafi,678,678,678.0,,No,1339770908374.jpg,water,Zamfara,zamfara_shinkafi,913b4564-da6f-4985-b266-7b2da28b28e8,KWARE,Unimproved Well,water_source,unprotected_dug_well,913b4564-da6f-4985-b266-7b2da28b28e8,Northwest
Mechanical Issue,,S/Gari Galadi,,,Stand Alone Water Point,1339688494734.jpg,No,13.05883009 6.42597044 365.6000061035156 5.0,True,Shinkafi,678,678,678.0,Hand Pump,No,1339688494734.jpg,water,Zamfara,zamfara_shinkafi,cf57012e-992f-4d22-875d-b70c5dabd660,Galadi,Borehole,water_source,borehole_tube_well,cf57012e-992f-4d22-875d-b70c5dabd660,Northwest
Functional,,Maberaya south,,,Stand Alone Water Point,1339843025442.jpg,Yes,13.05251735 6.5274935 350.0 5.0,False,Shinkafi,678,678,678.0,Manual,No,1339843025442.jpg,water,Zamfara,zamfara_shinkafi,06f92227-be2b-497a-bb98-21a4983ea848,Shinkafi south,Unimproved Well,water_source,unprotected_dug_well,06f92227-be2b-497a-bb98-21a4983ea848,Northwest
Mechanical Issue,,Katuru,,,"Water Scheme, Source within 100m",1339592296706.jpg,No,13.102156519889832 6.437038779258728 343.0 4.0,True,Shinkafi,678,678,678.0,Tap (unknown lift),No,1339592296706.jpg,water,Zamfara,zamfara_shinkafi,aec035bf-a442-4058-a1fa-4c466e7212bc,Katuru,Tap,outlet,,aec035bf-a442-4058-a1fa-4c466e7212bc,Northwest
Functional,,katuru,,,"Water Scheme, Source within 100m",1339592494044.jpg,Yes,13.104887008666992 6.438283324241638 344.0 4.0,True,Shinkafi,678,678,678.0,Tap (unknown lift),No,1339592494044.jpg,water,Zamfara,zamfara_shinkafi,1681fc97-103e-4307-891e-d0c3a6daa816,Katuru,Tap,outlet,,1681fc97-103e-4307-891e-d0c3a6daa816,Northwest
Under Construction,,Katsira,,,Stand Alone Water Point,1339754629071.jpg,No,13.02752738 6.59570066 372.29998779296875 5.0,True,Shinkafi,678,678,678.0,Hand Pump,No,1339754629071.jpg,water,Zamfara,zamfara_shinkafi,a06609fb-efda-4ece-a36f-45104652cfb6,Kurya Dambo,Borehole,water_source,borehole_tube_well,a06609fb-efda-4ece-a36f-45104652cfb6,Northwest
Functional,,Tungar kado,,,"Water Scheme, Source within 1km",1339668954747.jpg,Yes,13.046388030052185 6.4826899766922 344.0 4.0,True,Shinkafi,678,678,678.0,Tap (unknown lift),No,1339668954747.jpg,water,Zamfara,zamfara_shinkafi,ca6505e9-fbcf-45ad-ba58-ad4ab62f809d,Badarawa Ward,Tap,outlet,,ca6505e9-fbcf-45ad-ba58-ad4ab62f809d,Northwest
Functional,,KURSASA,,,Stand Alone Water Point,1339750333410.jpg,Yes,12.998725175857544 6.556783318519592 353.0 4.0,True,Shinkafi,678,678,678.0,Hand Pump,No,1339750333410.jpg,water,Zamfara,zamfara_shinkafi,5afaede3-efaf-4363-bb82-82e5c6a5d1b0,Kware Ward,Borehole,water_source,borehole_tube_well,5afaede3-efaf-4363-bb82-82e5c6a5d1b0,Northwest
Functional,,Galadi,,,Stand Alone Water Point,1339611161287.jpg,Yes,13.04343162 6.3400961 362.70001220703125 5.0,True,Shinkafi,678,678,678.0,Hand Pump,No,1339611161287.jpg,water,Zamfara,zamfara_shinkafi,e3d70b74-1d23-4b89-9cdf-01760a5e2d7a,Galadi,Borehole,water_source,borehole_tube_well,e3d70b74-1d23-4b89-9cdf-01760a5e2d7a,Northwest
Mechanical Issue,,Kurya Dambo,,,,1339752951354.jpg,No,12.94929688 6.64940968 370.79998779296875 5.0,False,Shinkafi,678,678,678.0,,No,1339752951354.jpg,water,Zamfara,zamfara_shinkafi,eb77b113-f4a8-4384-b2ca-35639ca0150a,Kurya,Don't Know,dk,,eb77b113-f4a8-4384-b2ca-35639ca0150a,Northwest
Mechanical Issue,,Batamna,,,Stand Alone Water Point,1339611586088.jpg,No,13.04212928 6.33960993 364.20001220703125 5.0,True,Shinkafi,678,678,678.0,Hand Pump,No,1339611586088.jpg,water,Zamfara,zamfara_shinkafi,48dafa42-a3ad-4b0e-97ba-0291d61a0c05,Galadi,Borehole,water_source,borehole_tube_well,48dafa42-a3ad-4b0e-97ba-0291d61a0c05,Northwest
Functional,,Maberaya North,,,Stand Alone Water Point,1339844334237.jpg,Yes,13.05404438 6.52446944 356.8999938964844 5.0,False,Shinkafi,678,678,678.0,Manual,No,1339844334237.jpg,water,Zamfara,zamfara_shinkafi,2922f0bc-1070-4aea-8bd7-0a0254dc9495,Shinkafi soutn,Unimproved Well,water_source,unprotected_dug_well,2922f0bc-1070-4aea-8bd7-0a0254dc9495,Northwest
Mechanical Issue,,Kurya,,,Stand Alone Water Point,1339842196732.jpg,No,12.986993193626404 6.485221982002258 347.0 4.0,True,Shinkafi,678,678,678.0,Hand Pump,No,1339842196732.jpg,water,Zamfara,zamfara_shinkafi,f3b39bd1-8b7e-4fc7-9b73-47363751218f,Jangeru Ward,Borehole,water_source,borehole_tube_well,f3b39bd1-8b7e-4fc7-9b73-47363751218f,Northwest
Functional,,KURYA Dambo/Magazawa,,,,1339753450891.jpg,Yes,12.94787105 6.64955141 367.70001220703125 5.0,False,Shinkafi,678,678,678.0,,No,1339753450891.jpg,water,Zamfara,zamfara_shinkafi,e29422df-9a44-48cc-913f-b033825ad74d,Kurya,Don't Know,dk,,e29422df-9a44-48cc-913f-b033825ad74d,Northwest
Functional,,Kagara,,,,1339599224348.jpg,Yes,13.03767648 6.41112423 345.0 5.0,False,Shinkafi,678,678,678.0,,No,1339599224348.jpg,water,Zamfara,zamfara_shinkafi,91c15025-dd09-4946-ac2c-ec2f8d886484,Galadi,Don't Know,dk,,91c15025-dd09-4946-ac2c-ec2f8d886484,Northwest
Poorly Constructed,,SABON   GARI,,,"Water Scheme, Source within 100m",1339758213064.jpg,No,12.96240164 6.63367798 368.70001220703125 5.0,True,Shinkafi,678,678,678.0,Tap (unknown lift),No,1339758213064.jpg,water,Zamfara,zamfara_shinkafi,b3fe708b-c4fa-450e-88d5-561655e75100,KWARE,Tap,outlet,,b3fe708b-c4fa-450e-88d5-561655e75100,Northwest
Functional,,Sabpngari,,,Stand Alone Water Point,1339844725681.jpg,Yes,13.06654293 6.50204695 354.0 5.0,False,Shinkafi,678,678,678.0,Diesel,Yes,1339844725681.jpg,water,Zamfara,zamfara_shinkafi,bc1f8868-1df9-4f94-bf48-3db1ffef41f6,Shinkafi South,Unimproved Well,water_source,protected_dug_well,bc1f8868-1df9-4f94-bf48-3db1ffef41f6,Northwest
Functional,,Fegen Gara,,,Stand Alone Water Point,1339836423739.jpg,Yes,13.07002018 6.50678113 370.5 5.0,True,Shinkafi,678,678,678.0,Hand Pump,No,1339836423739.jpg,water,Zamfara,zamfara_shinkafi,8dcc50e7-cb2b-400b-beaf-b375f7c20b8d,Shinkafi south,Borehole,water_source,borehole_tube_well,8dcc50e7-cb2b-400b-beaf-b375f7c20b8d,Northwest
Under Construction,,Barka da yabo,,,"Water Scheme, Source within 100m",1339666846972.jpg,No,13.103309869766235 6.395861506462097 344.0 4.0,True,Shinkafi,678,678,678.0,Tap (unknown lift),No,1339666846972.jpg,water,Zamfara,zamfara_shinkafi,6672ba93-5e4c-4531-b8e6-070e705785af,Katuru,Tap,outlet,,6672ba93-5e4c-4531-b8e6-070e705785af,Northwest
Functional,,YAN    BLO,,,"Water Scheme, Source within 100m",1339851140521.jpg,Yes,13.07707328 6.49784791 358.5 5.0,True,Shinkafi,678,678,678.0,Tap (unknown lift),No,1339851140521.jpg,water,Zamfara,zamfara_shinkafi,6ee88153-ed7d-460f-bf5f-4932e9af082d,SHINKAFI    NORTH,Tap,outlet,,6ee88153-ed7d-460f-bf5f-4932e9af082d,Northwest
Functional,,TUDUN WADA,,,"Water Scheme, Source within 100m",1339593415688.jpg,Yes,13.10073596 6.43232678 351.3999938964844 5.0,True,Shinkafi,678,678,678.0,Tap (unknown lift),No,1339593415688.jpg,water,Zamfara,zamfara_shinkafi,430fe861-28e7-46a2-8bfc-1a572710b38c,KATURU,Tap,outlet,,430fe861-28e7-46a2-8bfc-1a572710b38c,Northwest
Mechanical Issue,,Gobirawa,,,Stand Alone Water Point,1339762047859.jpg,No,13.001133799552917 6.59528911113739 351.0 4.0,True,Shinkafi,678,678,678.0,Hand Pump,No,1339762047859.jpg,water,Zamfara,zamfara_shinkafi,63fbc005-71e9-4ce5-b45e-1dd54c0b9bff,Kware Ward,Borehole,water_source,borehole_tube_well,63fbc005-71e9-4ce5-b45e-1dd54c0b9bff,Northwest
Functional,,PLOTI,,,Stand Alone Water Point,1339756679185.jpg,Yes,12.96645425 6.62979889 367.29998779296875 5.0,False,Shinkafi,678,678,678.0,,No,1339756679185.jpg,water,Zamfara,zamfara_shinkafi,bfd95d03-801f-4dba-9e68-2175547bed88,KWARE,Unimproved Well,water_source,unprotected_dug_well,bfd95d03-801f-4dba-9e68-2175547bed88,Northwest
Functional,,mallamawa,,,Stand Alone Water Point,1339668722266.jpg,Yes,13.092994093894958 6.365649104118347 353.0 4.0,False,Shinkafi,678,678,678.0,,No,1339668722266.jpg,water,Zamfara,zamfara_shinkafi,a89a6ba1-97de-4017-9813-1400a49326c9,katuru,Unimproved Well,water_source,unprotected_dug_well,a89a6ba1-97de-4017-9813-1400a49326c9,Northwest
Mechanical Issue,,Fakai,,,Stand Alone Water Point,1339757162246.jpg,No,13.01440389 6.62062243 351.3999938964844 5.0,True,Shinkafi,678,678,678.0,Hand Pump,No,1339757162246.jpg,water,Zamfara,zamfara_shinkafi,5e831e80-635f-4c4b-98e5-b5d3b46fdfb8,Kurya Dambo,Borehole,water_source,borehole_tube_well,5e831e80-635f-4c4b-98e5-b5d3b46fdfb8,Northwest
Functional,,DAN      BEDI,,,"Water Scheme, Source within 100m",1339857443034.jpg,Yes,13.0756605 6.50023909 315.8999938964844 5.0,True,Shinkafi,678,678,678.0,Tap (unknown lift),Yes,1339857443034.jpg,water,Zamfara,zamfara_shinkafi,de3598ac-633e-494d-9e27-75d7b33e40cf,SHINKAFI  NORTH,Tap,outlet,,de3598ac-633e-494d-9e27-75d7b33e40cf,Northwest
Functional,,SABUWAR    AJIYAWA,,,"Water Scheme, Source within 100m",1339856085271.jpg,Yes,13.07666096 6.49559182 336.79998779296875 5.0,True,Shinkafi,678,678,678.0,Tap (unknown lift),Yes,1339856085271.jpg,water,Zamfara,zamfara_shinkafi,b2c17671-c55f-4329-ac02-2ab793e28f1e,SHINKAFI  NORTH,Tap,outlet,,b2c17671-c55f-4329-ac02-2ab793e28f1e,Northwest
Mechanical Issue,,Mallamawa,,,"Water Scheme, Source within 100m",1339667934331.jpg,No,13.09143841266632 6.365949511528015 352.0 4.0,True,Shinkafi,678,678,678.0,Tap (unknown lift),No,1339667934331.jpg,water,Zamfara,zamfara_shinkafi,491ca4d8-c3f9-46df-baa9-73d647f89ef5,Katuru,Tap,outlet,,491ca4d8-c3f9-46df-baa9-73d647f89ef5,Northwest
Don't Know,,MALLAMWA,,,"Water Scheme, Source within 100m",1339671480267.jpg,No,13.09217284 6.36658157 351.6000061035156 5.0,True,Shinkafi,678,678,678.0,Tap (unknown lift),No,1339671480267.jpg,water,Zamfara,zamfara_shinkafi,2361f969-3dd7-4f64-ad58-4833118ecaba,KATURU,Tap,outlet,,2361f969-3dd7-4f64-ad58-4833118ecaba,Northwest
Functional,,maiwa,,,Stand Alone Water Point,1339678013733.jpg,Yes,12.90970265865326 6.605052351951599 403.0 4.0,False,Shinkafi,678,678,678.0,,No,1339678013733.jpg,water,Zamfara,zamfara_shinkafi,311cd25e-a8ef-455c-951d-cd470f88cc64,Birnin yero,Unimproved Well,water_source,unprotected_dug_well,311cd25e-a8ef-455c-951d-cd470f88cc64,Northwest
Mechanical Issue,,Yar kofa Galadi,,,Stand Alone Water Point,1339688056236.jpg,No,13.05357816 6.42652286 351.70001220703125 5.0,True,Shinkafi,678,678,678.0,Hand Pump,No,1339688056236.jpg,water,Zamfara,zamfara_shinkafi,51bb2abf-1592-40cf-93b0-6ccbfc3a05a8,Galadi,Borehole,water_source,borehole_tube_well,51bb2abf-1592-40cf-93b0-6ccbfc3a05a8,Northwest
Mechanical Issue,,Sabongari/GGDSS,,,,1339840177415.jpg,No,13.05303499 6.50582084 346.79998779296875 5.0,False,Shinkafi,678,678,678.0,,No,1339840177415.jpg,water,Zamfara,zamfara_shinkafi,32dcf770-3885-4a7d-ab71-ef06d2d3c30c,Shinkafi South,Don't Know,dk,,32dcf770-3885-4a7d-ab71-ef06d2d3c30c,Northwest
Functional,,Maberaya South,,,Stand Alone Water Point,1339842829284.jpg,Yes,13.0514676 6.5270594 363.5 5.0,False,Shinkafi,678,678,678.0,Manual,No,1339842829284.jpg,water,Zamfara,zamfara_shinkafi,45cd3082-3168-4ca6-a1d0-9ebbacd6d1ad,Shinkafi south,Unimproved Well,water_source,unprotected_dug_well,45cd3082-3168-4ca6-a1d0-9ebbacd6d1ad,Northwest
Functional,,Kagara,,,,1339597919619.jpg,Yes,13.03705616 6.41225756 361.5 5.0,False,Shinkafi,678,678,678.0,,No,1339597919619.jpg,water,Zamfara,zamfara_shinkafi,40d8cba6-1e43-47f6-9939-01fba2d93201,Galadi,Don't Know,dk,,40d8cba6-1e43-47f6-9939-01fba2d93201,Northwest
Functional,,SABON GARI,,,Stand Alone Water Point,1339758487775.jpg,Yes,12.96270171 6.63376622 365.8999938964844 5.0,False,Shinkafi,678,678,678.0,,No,1339758487775.jpg,water,Zamfara,zamfara_shinkafi,54c95511-865c-4d6a-aa89-de132d862894,KWARE,Unimproved Well,water_source,unprotected_dug_well,54c95511-865c-4d6a-aa89-de132d862894,Northwest
Functional,,Yan marece,,,"Water Scheme, Source within 100m",1339918608304.jpg,Yes,13.073167204856873 6.510327458381653 350.0 4.0,True,Shinkafi,678,678,678.0,Tap (unknown lift),Yes,1339918608304.jpg,water,Zamfara,zamfara_shinkafi,c471a305-f000-4fc8-bd1f-a9737daf6ed9,Shinkafi north,Tap,outlet,,c471a305-f000-4fc8-bd1f-a9737daf6ed9,Northwest
Functional,,SG T/Kado,,,Stand Alone Water Point,1339674081117.jpg,Yes,13.028433322906494 6.4730072021484375 345.0 4.0,True,Shinkafi,678,678,678.0,Hand Pump,No,1339674081117.jpg,water,Zamfara,zamfara_shinkafi,07476d5c-645d-468c-9eaa-1d833c0a304b,Badarawa Ward,Borehole,water_source,borehole_tube_well,07476d5c-645d-468c-9eaa-1d833c0a304b,Northwest
Mechanical Issue,,Sabongari,,,"Water Scheme, Source within 100m",1339843295229.jpg,No,13.06024116 6.50578764 344.6000061035156 5.0,True,Shinkafi,678,678,678.0,Tap (unknown lift),No,1339843295229.jpg,water,Zamfara,zamfara_shinkafi,7dde42ef-dbb3-4276-8bcb-634c3245c0ee,Shinkafi South,Tap,outlet,,7dde42ef-dbb3-4276-8bcb-634c3245c0ee,Northwest
Functional,,T kado,,,Stand Alone Water Point,1339675489533.jpg,Yes,13.02752137184143 6.474616527557373 345.0 4.0,False,Shinkafi,678,678,678.0,Manual,No,1339675489533.jpg,water,Zamfara,zamfara_shinkafi,2cfd0ef7-4d24-4759-8e83-c1f566f39760,Badarawa Ward,Unimproved Well,water_source,unprotected_dug_well,2cfd0ef7-4d24-4759-8e83-c1f566f39760,Northwest
Functional,,SABUWAR   AJIYAWA,,,"Water Scheme, Source within 100m",1339856342753.jpg,Yes,13.07690813 6.49618286 337.6000061035156 5.0,True,Shinkafi,678,678,678.0,Tap (unknown lift),No,1339856342753.jpg,water,Zamfara,zamfara_shinkafi,4a51334b-5cc8-4956-bae4-2c54c68d45a4,SHINKAFI    NORTH,Tap,outlet,,4a51334b-5cc8-4956-bae4-2c54c68d45a4,Northwest
Functional,,Maberaya North,,,Stand Alone Water Point,1339844538665.jpg,Yes,13.05384603 6.52312712 355.79998779296875 5.0,True,Shinkafi,678,678,678.0,Hand Pump,No,1339844538665.jpg,water,Zamfara,zamfara_shinkafi,f949f73e-33db-4aee-8f86-c55409bf2481,Shinkafi south,Borehole,water_source,borehole_tube_well,f949f73e-33db-4aee-8f86-c55409bf2481,Northwest
Poor Water Quality,,Tsauni,,,"Water Scheme, Source within 100m",1339630864240.jpg,No,12.99962016 6.52681328 352.79998779296875 6.0,True,Shinkafi,678,678,678.0,Tap (unknown lift),No,1339630864240.jpg,water,Zamfara,zamfara_shinkafi,df083d84-bc80-4724-ab46-1cb3ada53ae6,Badarawa,Tap,outlet,,df083d84-bc80-4724-ab46-1cb3ada53ae6,Northwest
Poor Water Quality,,Bagare,,,"Water Scheme, Source within 100m",1339723873248.jpg,No,12.93889427 6.68981234 389.1000061035156 5.0,True,Shinkafi,678,678,678.0,Tap (unknown lift),No,1339723873248.jpg,water,Zamfara,zamfara_shinkafi,4e98aa73-065e-4083-99e2-86f121efd104,Kurya,Tap,outlet,,4e98aa73-065e-4083-99e2-86f121efd104,Northwest
Mechanical Issue,,GIDAN    WAWA,,,"Water Scheme, Source within 100m",1339675221587.jpg,No,13.09480814 6.34855182 370.1000061035156 5.0,True,Shinkafi,678,678,678.0,Tap (unknown lift),No,1339675221587.jpg,water,Zamfara,zamfara_shinkafi,624347e0-6150-453b-9301-79ff65439d7a,KATURU,Tap,outlet,,624347e0-6150-453b-9301-79ff65439d7a,Northwest
,,TASHAN   MADUWA,,,Stand Alone Water Point,1339850862999.jpg,Don't Know,13.0768884 6.49990229 338.0 5.0,False,Shinkafi,678,678,678.0,,No,1339850862999.jpg,water,Zamfara,zamfara_shinkafi,dc101d8c-bd2a-49c6-9014-c1816ea13d3c,SHIKAFI    NORTH,Unimproved Well,water_source,protected_dug_well,dc101d8c-bd2a-49c6-9014-c1816ea13d3c,Northwest
Functional,,Tungar kahau,,,Stand Alone Water Point,1339670513095.jpg,Yes,13.085934519767761 6.351326107978821 370.0 3.0,False,Shinkafi,678,678,678.0,,No,1339670513095.jpg,water,Zamfara,zamfara_shinkafi,f212a42b-6922-4823-bf27-06c68c9786a4,katuru,Unimproved Well,water_source,unprotected_dug_well,f212a42b-6922-4823-bf27-06c68c9786a4,Northwest
Functional,,Maberaya North,,,Stand Alone Water Point,1339845773764.jpg,Yes,13.05290387 6.52146273 357.1000061035156 5.0,True,Shinkafi,678,678,678.0,Hand Pump,No,1339845773764.jpg,water,Zamfara,zamfara_shinkafi,affcc752-4db5-4f33-a620-dbd4a638f02d,Shinkafi South,Borehole,water_source,borehole_tube_well,affcc752-4db5-4f33-a620-dbd4a638f02d,Northwest
Mechanical Issue,,Baje,,,"Water Scheme, Source within 100m",1339807739659.jpg,No,12.93444966 6.56880011 378.70001220703125 5.0,True,Shinkafi,678,678,678.0,Tap (unknown lift),No,1339807739659.jpg,water,Zamfara,zamfara_shinkafi,019a83d4-74b6-40fa-9bf3-51616bd1e0b4,Jangero,Tap,outlet,,019a83d4-74b6-40fa-9bf3-51616bd1e0b4,Northwest
Functional,,TASHAN    MADUWA,,,"Water Scheme, Source within 100m",1339850654733.jpg,Yes,13.07704208 6.50015601 335.1000061035156 5.0,True,Shinkafi,678,678,678.0,Tap (unknown lift),Yes,1339850654733.jpg,water,Zamfara,zamfara_shinkafi,6b792f62-e47c-4767-be08-5110ed3b9089,SHINKAFI    NORTH,Tap,outlet,,6b792f62-e47c-4767-be08-5110ed3b9089,Northwest
Functional,,SAMURU,,,"Water Scheme, Source within 100m",1339596297105.jpg,Yes,13.10629179 6.437317 348.20001220703125 5.0,True,Shinkafi,678,678,678.0,Tap (unknown lift),Yes,1339596297105.jpg,water,Zamfara,zamfara_shinkafi,54bfe1b3-2b49-4a2f-8356-980ce6c99ac6,KATURU,Tap,outlet,,54bfe1b3-2b49-4a2f-8356-980ce6c99ac6,Northwest
Functional,,Katuru,,,"Water Scheme, Source within 100m",1339591519115.jpg,Yes,13.105552196502686 6.43474817276001 343.0 6.0,True,Shinkafi,678,678,678.0,Tap (unknown lift),Yes,1339591519115.jpg,water,Zamfara,zamfara_shinkafi,a2e5f5b1-5467-4fa5-a568-06d4fb2a7893,Katuru,Tap,outlet,,a2e5f5b1-5467-4fa5-a568-06d4fb2a7893,Northwest
Functional,,Yar mahauta,,,"Water Scheme, Source within 100m",1339918818021.jpg,Yes,13.072528839111328 6.509206295013428 344.0 4.0,True,Shinkafi,678,678,678.0,Tap (unknown lift),Yes,1339918818021.jpg,water,Zamfara,zamfara_shinkafi,cd8c8bc7-a5a8-42ab-90d2-3d9c04463ff7,shinkafi north,Tap,outlet,,cd8c8bc7-a5a8-42ab-90d2-3d9c04463ff7,Northwest
Mechanical Issue,,Galadi,,,,1339688400389.jpg,No,13.05521128 6.42791439 369.1000061035156 5.0,False,Shinkafi,678,678,678.0,,No,1339688400389.jpg,water,Zamfara,zamfara_shinkafi,23c3fe4e-827a-4950-a4de-f3a400680183,Galadi,Don't Know,dk,,23c3fe4e-827a-4950-a4de-f3a400680183,Northwest
Functional,,KOFAR GARY,,,"Water Scheme, Source within 100m",1339847273453.jpg,Yes,13.0752234 6.5072124 322.29998779296875 5.0,True,Shinkafi,678,678,678.0,Tap (unknown lift),No,1339847273453.jpg,water,Zamfara,zamfara_shinkafi,b63e912e-8cb8-45e3-8713-73640209f3ad,SHIKAFI   NORTH,Tap,outlet,,b63e912e-8cb8-45e3-8713-73640209f3ad,Northwest
Poorly Constructed,,Kada Araba,,,Stand Alone Water Point,1339839635979.jpg,No,12.990281581878662 6.488655209541321 361.0 4.0,False,Shinkafi,678,678,678.0,Manual,No,1339839635979.jpg,water,Zamfara,zamfara_shinkafi,8d13da2c-59ea-4daa-9a58-17d052b7de81,JANGERU ward,Unimproved Well,water_source,unprotected_dug_well,8d13da2c-59ea-4daa-9a58-17d052b7de81,Northwest
Mechanical Issue,,Anguwar kanawa,,,Stand Alone Water Point,1339842716275.jpg,No,12.9840749502182 6.487743258476257 347.0 4.0,True,Shinkafi,678,678,678.0,Hand Pump,No,1339842716275.jpg,water,Zamfara,zamfara_shinkafi,272661fa-e1d3-41b3-88b6-562bee80c4cd,Jangeru Ward,Borehole,water_source,borehole_tube_well,272661fa-e1d3-41b3-88b6-562bee80c4cd,Northwest
Functional,,Sabongari,,,,1339850558609.jpg,Yes,13.0692651 6.49827386 360.29998779296875 5.0,False,Shinkafi,678,678,678.0,,No,1339850558609.jpg,water,Zamfara,zamfara_shinkafi,171633d3-e355-41f8-9774-eeca6fa6a002,Shinkafi South,Don't Know,dk,,171633d3-e355-41f8-9774-eeca6fa6a002,Northwest
Mechanical Issue,,Galadi,,,Stand Alone Water Point,1339604057597.jpg,No,13.05366436 6.42109569 359.79998779296875 5.0,True,Shinkafi,678,678,678.0,Hand Pump,No,1339604057597.jpg,water,Zamfara,zamfara_shinkafi,e340dc12-94fc-4d80-8a65-8f6ec2cf0f4c,Galadi,Borehole,water_source,borehole_tube_well,e340dc12-94fc-4d80-8a65-8f6ec2cf0f4c,Northwest
Functional,,kyatawa,,,"Water Scheme, Source within 100m",1339915078801.jpg,Yes,13.07422399520874 6.514157652854919 348.0 4.0,True,Shinkafi,678,678,678.0,Tap (unknown lift),No,1339915078801.jpg,water,Zamfara,zamfara_shinkafi,b0b10b2e-19e3-4f89-aaff-29b33a85a7b4,Shinkafi north,Tap,outlet,,b0b10b2e-19e3-4f89-aaff-29b33a85a7b4,Northwest
Functional,,Galadi,,,Stand Alone Water Point,1339611161287.jpg,Yes,13.04343162 6.3400961 362.70001220703125 5.0,True,Shinkafi,678,678,678.0,Hand Pump,No,1339611161287.jpg,water,Zamfara,zamfara_shinkafi,a6afbd2a-ae6c-42dc-9c8a-0d76950f1e5f,Galadi,Borehole,water_source,borehole_tube_well,a6afbd2a-ae6c-42dc-9c8a-0d76950f1e5f,Northwest
Functional,,SABUWAR      AJIYAWA,,,"Water Scheme, Source within 100m",1339855541433.jpg,Yes,13.07718045 6.4929392 307.5 5.0,True,Shinkafi,678,678,678.0,Tap (unknown lift),Yes,1339855541433.jpg,water,Zamfara,zamfara_shinkafi,a55b936d-8c1d-41f1-ac47-ee6495fae004,SHINKAFI   NORTH,Tap,outlet,,a55b936d-8c1d-41f1-ac47-ee6495fae004,Northwest
Functional,,Dan Gangare,,,"Water Scheme, Source within 100m",1339917728067.jpg,Yes,13.072126507759094 6.511352062225342 346.0 4.0,True,Shinkafi,678,678,678.0,Tap (unknown lift),Yes,1339917728067.jpg,water,Zamfara,zamfara_shinkafi,6512364b-5cc3-4ebe-9fa8-b38ed8987014,Shinkafi north,Tap,outlet,,6512364b-5cc3-4ebe-9fa8-b38ed8987014,Northwest
Functional,,Bakin marna,,,"Water Scheme, Source within 100m",1339923301082.jpg,Yes,13.076761364936829 6.509495973587036 351.0 4.0,True,Shinkafi,678,678,678.0,Tap (unknown lift),Yes,1339923301082.jpg,water,Zamfara,zamfara_shinkafi,ddc6c6cc-265e-43f7-bc69-8cee72e1e80e,Shinkafi north,Tap,outlet,,ddc6c6cc-265e-43f7-bc69-8cee72e1e80e,Northwest
Mechanical Issue,,Barka da yabo,,,"Water Scheme, Source within 100m",1339666662495.jpg,No,13.10394287109375 6.395990252494812 345.0 4.0,True,Shinkafi,678,678,678.0,Tap (unknown lift),No,1339666662495.jpg,water,Zamfara,zamfara_shinkafi,09bc3d35-d301-4a1b-a753-3dd80af14042,Katuru,Tap,outlet,,09bc3d35-d301-4a1b-a753-3dd80af14042,Northwest
Mechanical Issue,,Tungar Kahau,,,,1339683863832.jpg,No,13.08600012 6.35124106 378.8999938964844 5.0,False,Shinkafi,678,678,678.0,,No,1339683863832.jpg,water,Zamfara,zamfara_shinkafi,607eab64-7478-4dd7-a42f-a2cc8d3c2a46,Galadi,Don't Know,dk,,607eab64-7478-4dd7-a42f-a2cc8d3c2a46,Northwest
Under Construction,,Sabongari,,,Stand Alone Water Point,1339840235004.jpg,No,12.988795638084412 6.4917826652526855 347.0 4.0,True,Shinkafi,678,678,678.0,Hand Pump,No,1339840235004.jpg,water,Zamfara,zamfara_shinkafi,5cddcb03-65f1-4fbb-9aff-97809cd3cede,Jangeru,Borehole,water_source,borehole_tube_well,5cddcb03-65f1-4fbb-9aff-97809cd3cede,Northwest
Don't Know,,Kurya Dambo/Baichi,,,,1339753990029.jpg,No,12.94572326 6.64938679 379.6000061035156 5.0,False,Shinkafi,678,678,678.0,,No,1339753990029.jpg,water,Zamfara,zamfara_shinkafi,f94c56bd-e345-44b7-876d-61564661c43d,Kurya,Don't Know,dk,,f94c56bd-e345-44b7-876d-61564661c43d,Northwest
Functional,,Sabongari,,,,1339841596912.jpg,Yes,13.06159644 6.50676984 358.79998779296875 5.0,False,Shinkafi,678,678,678.0,,No,1339841596912.jpg,water,Zamfara,zamfara_shinkafi,047ba618-5b9e-4fd7-a6df-94c1ad996630,Shinkafi South,Don't Know,dk,,047ba618-5b9e-4fd7-a6df-94c1ad996630,Northwest
Mechanical Issue,,S/Garin yamma,,,Stand Alone Water Point,1339838230984.jpg,No,13.05756856 6.50197405 358.29998779296875 5.0,True,Shinkafi,678,678,678.0,Hand Pump,No,1339838230984.jpg,water,Zamfara,zamfara_shinkafi,eff18529-dcf5-49ee-8186-ca960d419dbc,Shinkafi south,Borehole,water_source,borehole_tube_well,eff18529-dcf5-49ee-8186-ca960d419dbc,Northwest
Functional,,Mallamawa,,,"Water Scheme, Source within 100m",1339668132732.jpg,Yes,13.091164827346802 6.364640593528748 349.0 4.0,True,Shinkafi,678,678,678.0,Tap (unknown lift),No,1339668132732.jpg,water,Zamfara,zamfara_shinkafi,4659b6a5-c9c1-4f0a-a38b-027191e15a57,Katuru,Tap,outlet,,4659b6a5-c9c1-4f0a-a38b-027191e15a57,Northwest
Mechanical Issue,,T/Hasimu,,,Stand Alone Water Point,1339672246772.jpg,No,13.048861026763916 6.48043692111969 345.0 4.0,True,Shinkafi,678,678,678.0,Hand Pump,No,1339672246772.jpg,water,Zamfara,zamfara_shinkafi,69cc346f-b0da-4652-aa44-6662b308aab5,Badarawa Ward,Borehole,water_source,borehole_tube_well,69cc346f-b0da-4652-aa44-6662b308aab5,Northwest
Functional,,Kursasa,,,Stand Alone Water Point,1339752346323.jpg,Yes,12.998912930488586 6.557250022888184 358.0 4.0,True,Shinkafi,678,678,678.0,Hand Pump,No,1339752346323.jpg,water,Zamfara,zamfara_shinkafi,103bfab5-8dd6-41de-97ea-cdf51f5b5503,Kware  Ward,Borehole,water_source,borehole_tube_well,103bfab5-8dd6-41de-97ea-cdf51f5b5503,Northwest
Functional,,Barka da yabo,,,"Water Scheme, Source within 100m",1339666997516.jpg,Yes,13.103808760643005 6.395276784896851 343.0 4.0,True,Shinkafi,678,678,678.0,Tap (unknown lift),No,1339666997516.jpg,water,Zamfara,zamfara_shinkafi,76d5f494-7beb-400e-80f6-0df298a8fa1e,Katuru,Tap,outlet,,76d5f494-7beb-400e-80f6-0df298a8fa1e,Northwest
Mechanical Issue,,Mallamawa,,,"Water Scheme, Source within 100m",1339667669297.jpg,No,13.091797828674316 6.366791725158691 353.0 4.0,True,Shinkafi,678,678,678.0,Tap (unknown lift),No,1339667669297.jpg,water,Zamfara,zamfara_shinkafi,4959f565-3bb8-4cd2-b57f-b64d276e421f,katuru,Tap,outlet,,4959f565-3bb8-4cd2-b57f-b64d276e421f,Northwest
Functional,,Saule,,,Stand Alone Water Point,1339916837904.jpg,Yes,13.075677752494812 6.512864828109741 353.0 4.0,False,Shinkafi,678,678,678.0,,No,1339916837904.jpg,water,Zamfara,zamfara_shinkafi,02bf1fb2-0678-4785-b769-dcda87858d35,Shinkafi north,Unimproved Well,water_source,unprotected_dug_well,02bf1fb2-0678-4785-b769-dcda87858d35,Northwest
Functional,,Barka da yabo,,,Stand Alone Water Point,1339667254267.jpg,Yes,13.103717565536499 6.394327282905579 343.0 4.0,False,Shinkafi,678,678,678.0,,No,1339667254267.jpg,water,Zamfara,zamfara_shinkafi,4b940c5a-9fd7-4025-b8de-dc8430454d58,Katuru,Unimproved Well,water_source,unprotected_dug_well,4b940c5a-9fd7-4025-b8de-dc8430454d58,Northwest
Functional,,Gangara,,,Stand Alone Water Point,1339713505845.jpg,Yes,12.97824548 6.65114694 356.3999938964844 5.0,False,Shinkafi,678,678,678.0,,No,1339713505845.jpg,water,Zamfara,zamfara_shinkafi,45805f12-32a4-4e69-ac37-85c0dd80f9e3,Kurya,Unimproved Well,water_source,unprotected_dug_well,45805f12-32a4-4e69-ac37-85c0dd80f9e3,Northwest
Poor Water Quality,,DALIBAWA,,,Stand Alone Water Point,1339767889003.jpg,No,12.94362119 6.60909802 366.70001220703125 5.0,False,Shinkafi,678,678,678.0,,No,1339767889003.jpg,water,Zamfara,zamfara_shinkafi,7475f9bb-cd6f-443b-932b-1ef1531d26a2,KWARE,Unimproved Well,water_source,unprotected_dug_well,7475f9bb-cd6f-443b-932b-1ef1531d26a2,Northwest
Functional,,GSSS Shinkafi ,,,Stand Alone Water Point,1339862953415.jpg,Yes,13.07200008 6.49772947 359.3999938964844 5.0,True,Shinkafi,678,678,678.0,Hand Pump,No,1339862953415.jpg,water,Zamfara,zamfara_shinkafi,0aec6485-73e7-4e65-8afa-28c8f80b0d26,Shinkafi North ,Borehole,water_source,borehole_tube_well,0aec6485-73e7-4e65-8afa-28c8f80b0d26,Northwest
Mechanical Issue,,Shiyar Kado,,,"Water Scheme, Source within 100m",1339804380318.jpg,No,12.98739497 6.4906414 358.20001220703125 5.0,True,Shinkafi,678,678,678.0,Tap (unknown lift),No,1339804380318.jpg,water,Zamfara,zamfara_shinkafi,55afc1f7-8199-4770-a899-baa492a3afa2,Jangero,Tap,outlet,,55afc1f7-8199-4770-a899-baa492a3afa2,Northwest
Functional,,Sabongari/GGDSS,,,,1339839832542.jpg,Yes,13.05276529 6.50546998 348.29998779296875 5.0,False,Shinkafi,678,678,678.0,,No,1339839832542.jpg,water,Zamfara,zamfara_shinkafi,a191d8ca-8404-4547-aae5-a6f8143815e5,Shinkafi South,Don't Know,dk,,a191d8ca-8404-4547-aae5-a6f8143815e5,Northwest
Mechanical Issue,,Maberaya North,,,Stand Alone Water Point,1339845002914.jpg,No,13.053623 6.52174579 349.6000061035156 5.0,True,Shinkafi,678,678,678.0,Hand Pump,No,1339845002914.jpg,water,Zamfara,zamfara_shinkafi,e700419c-4a10-4d6c-a6be-b8561fd2c525,Shinkafi south,Borehole,water_source,borehole_tube_well,e700419c-4a10-4d6c-a6be-b8561fd2c525,Northwest
Functional,,Gidan Rijiya,,,"Water Scheme, Source within 100m",1339606241634.jpg,Yes,13.05343485 6.36216173 354.79998779296875 5.0,True,Shinkafi,678,678,678.0,Tap (unknown lift),No,1339606241634.jpg,water,Zamfara,zamfara_shinkafi,6e04ae1f-06d1-4865-adb7-84412da1fefa,JGaladi,Tap,outlet,,6e04ae1f-06d1-4865-adb7-84412da1fefa,Northwest
Functional,,Dan Gangare,,,"Water Scheme, Source within 100m",1339917928229.jpg,Yes,13.072507381439209 6.511105298995972 339.0 4.0,True,Shinkafi,678,678,678.0,Tap (unknown lift),Yes,1339917928229.jpg,water,Zamfara,zamfara_shinkafi,9fb4c5c9-2ca2-4b51-8c2c-f058448b0277,shinkafi north ,Tap,outlet,,9fb4c5c9-2ca2-4b51-8c2c-f058448b0277,Northwest
Mechanical Issue,,JANUHU,,,"Water Scheme, Source within 100m",1339600948731.jpg,No,13.14385866 6.36001696 342.70001220703125 5.0,True,Shinkafi,678,678,678.0,Tap (unknown lift),No,1339600948731.jpg,water,Zamfara,zamfara_shinkafi,3f7b49da-00cd-41d1-aceb-5baaf4cae1d3,KATURU,Tap,outlet,,3f7b49da-00cd-41d1-aceb-5baaf4cae1d3,Northwest
Functional,,Kursasa,,,Stand Alone Water Point,1339751331153.jpg,Yes,13.001600503921509 6.557314395904541 354.0 4.0,False,Shinkafi,678,678,678.0,Manual,No,1339751331153.jpg,water,Zamfara,zamfara_shinkafi,2ee1c7c9-602c-48cd-863a-0041d630555d,Kware  Ward,Unimproved Well,water_source,unprotected_dug_well,2ee1c7c9-602c-48cd-863a-0041d630555d,Northwest
Mechanical Issue,,Sabongari,,,Stand Alone Water Point,1339850913041.jpg,No,13.06994056 6.49878303 350.3999938964844 5.0,True,Shinkafi,678,678,678.0,Solar,No,1339850913041.jpg,water,Zamfara,zamfara_shinkafi,1f56e8ea-ef41-4fb5-8e0a-869550343932,Shikafi South,Borehole,water_source,borehole_tube_well,1f56e8ea-ef41-4fb5-8e0a-869550343932,Northwest
Functional,,ASARARA,,,Stand Alone Water Point,1339777752931.jpg,Yes,12.91579221 6.61541334 406.1000061035156 5.0,False,Shinkafi,678,678,678.0,,Yes,1339777752931.jpg,water,Zamfara,zamfara_shinkafi,019dac04-db73-4ba8-8be7-cc87d167a8e6,KWARE,Unimproved Well,water_source,protected_dug_well,019dac04-db73-4ba8-8be7-cc87d167a8e6,Northwest
Mechanical Issue,,S/Garin yamma,,,Stand Alone Water Point,1339839014140.jpg,No,13.0619141 6.50313312 355.79998779296875 5.0,True,Shinkafi,678,678,678.0,Hand Pump,No,1339839014140.jpg,water,Zamfara,zamfara_shinkafi,bd09b890-6c56-4dc6-84fb-1deb9817b667,Shinkafi south,Borehole,water_source,borehole_tube_well,bd09b890-6c56-4dc6-84fb-1deb9817b667,Northwest
Functional,,SG T/Kado,,,Stand Alone Water Point,1339674388942.jpg,Yes,13.027607202529907 6.472551226615906 346.0 4.0,True,Shinkafi,678,678,678.0,Hand Pump,No,1339674388942.jpg,water,Zamfara,zamfara_shinkafi,5065f6cf-2e78-45f1-8d1f-5e65b677849a,Badarawa Ward,Borehole,water_source,borehole_tube_well,5065f6cf-2e78-45f1-8d1f-5e65b677849a,Northwest
Functional,,Alkalawa Shinkafi,,,"Water Scheme, Source within 1km",1339837677143.jpg,Yes,13.06497007 6.50475312 359.20001220703125 5.0,True,Shinkafi,678,678,678.0,Tap (unknown lift),No,1339837677143.jpg,water,Zamfara,zamfara_shinkafi,fc27d0f8-5eaf-4fa7-8de6-01a3910f9f22,Shinkafi south,Tap,outlet,,fc27d0f8-5eaf-4fa7-8de6-01a3910f9f22,Northwest
Functional,,Kurya Dambo,,,,1339752525206.jpg,Yes,12.94916912 6.64968797 367.1000061035156 5.0,False,Shinkafi,678,678,678.0,,No,1339752525206.jpg,water,Zamfara,zamfara_shinkafi,961dfb65-ff69-44b7-8720-5c87bbc4f834,Kurya,Don't Know,dk,,961dfb65-ff69-44b7-8720-5c87bbc4f834,Northwest
Functional,,Saule,,,"Water Scheme, Source within 100m",1339916652567.jpg,Yes,13.075870871543884 6.513090133666992 350.0 4.0,True,Shinkafi,678,678,678.0,Tap (unknown lift),No,1339916652567.jpg,water,Zamfara,zamfara_shinkafi,c68d6502-6b5c-4af5-9b32-94d5e7a2163a,Shinkafi north,Tap,outlet,,c68d6502-6b5c-4af5-9b32-94d5e7a2163a,Northwest
Mechanical Issue,,Galadi,,,Stand Alone Water Point,1339606031615.jpg,No,13.05553849 6.42137544 357.5 5.0,True,Shinkafi,678,678,678.0,Hand Pump,No,1339606031615.jpg,water,Zamfara,zamfara_shinkafi,3bcbf20d-5f80-4700-afa7-4efef8cd83a4,Galadi,Borehole,water_source,borehole_tube_well,3bcbf20d-5f80-4700-afa7-4efef8cd83a4,Northwest
Mechanical Issue,,K anwuri,,,Stand Alone Water Point,1339675062223.jpg,No,13.026325106620789 6.473892331123352 343.0 4.0,True,Shinkafi,678,678,678.0,Hand Pump,No,1339675062223.jpg,water,Zamfara,zamfara_shinkafi,5d76cb43-8b73-4665-819b-a39a1a979e44,Badarawa Ward,Borehole,water_source,borehole_tube_well,5d76cb43-8b73-4665-819b-a39a1a979e44,Northwest
Functional,,Batauna,,,,1339607806522.jpg,Yes,13.04331947 6.33983884 365.29998779296875 5.0,False,Shinkafi,678,678,678.0,,No,1339607806522.jpg,water,Zamfara,zamfara_shinkafi,7052a060-1dd8-4fd6-aa0e-ceec0a350f64,Galadi,Don't Know,dk,,7052a060-1dd8-4fd6-aa0e-ceec0a350f64,Northwest
Mechanical Issue,,Bakin marna,,,"Water Scheme, Source within 100m",1339923446793.jpg,No,13.07673454284668 6.509624719619751 336.0 4.0,True,Shinkafi,678,678,678.0,Tap (unknown lift),No,1339923446793.jpg,water,Zamfara,zamfara_shinkafi,c720dded-0cbc-4a9e-bca0-6254c5ea44df,Shinkafi north,Tap,outlet,,c720dded-0cbc-4a9e-bca0-6254c5ea44df,Northwest
Dry Well,,Maberaya south,,,Stand Alone Water Point,1339842460041.jpg,No,13.05014338 6.52582302 363.70001220703125 5.0,False,Shinkafi,678,678,678.0,Manual,No,1339842460041.jpg,water,Zamfara,zamfara_shinkafi,12e05dbe-6ee6-4c87-8cab-2c1d9232b155,Shinkafi south,Unimproved Well,water_source,unprotected_dug_well,12e05dbe-6ee6-4c87-8cab-2c1d9232b155,Northwest
Functional,,DALABU,,,"Water Scheme, Source within 100m",1339758749750.jpg,Yes,12.96293488 6.63467012 357.29998779296875 5.0,True,Shinkafi,678,678,678.0,Tap (unknown lift),No,1339758749750.jpg,water,Zamfara,zamfara_shinkafi,e723bb6a-8fe5-47ae-8a0c-38dd4e2520f9,KWARE,Tap,outlet,,e723bb6a-8fe5-47ae-8a0c-38dd4e2520f9,Northwest
Mechanical Issue,,Gidan Rijiya,,,,1339606859546.jpg,No,13.0559214 6.36166284 361.8999938964844 5.0,False,Shinkafi,678,678,678.0,,No,1339606859546.jpg,water,Zamfara,zamfara_shinkafi,2f1e6b0f-4a89-4755-b83e-ca964ae45168,Galadi,Don't Know,dk,,2f1e6b0f-4a89-4755-b83e-ca964ae45168,Northwest
Mechanical Issue,,S/Garin Gabas,,,"Water Scheme, Source within 100m",1339839956123.jpg,No,13.06393714 6.50669084 342.0 5.0,True,Shinkafi,678,678,678.0,Tap (unknown lift),No,1339839956123.jpg,water,Zamfara,zamfara_shinkafi,8f5d301b-1f48-43fc-a74c-87e2ad84e61c,Shinkafi south,Tap,outlet,,8f5d301b-1f48-43fc-a74c-87e2ad84e61c,Northwest
Mechanical Issue,,Tungan Gobirawa,,,"Water Scheme, Source within 100m",1339636719457.jpg,No,13.03934643 6.50349171 345.29998779296875 5.0,True,Shinkafi,678,678,678.0,Tap (unknown lift),No,1339636719457.jpg,water,Zamfara,zamfara_shinkafi,385e5e0a-0919-48c7-a4b1-ee9b3536f1b1,Badarawa,Tap,outlet,,385e5e0a-0919-48c7-a4b1-ee9b3536f1b1,Northwest
Functional,,Alkalawa shinkafi,,,Stand Alone Water Point,1339837276987.jpg,Yes,13.06485145 6.50090151 362.79998779296875 5.0,True,Shinkafi,678,678,678.0,Hand Pump,No,1339837276987.jpg,water,Zamfara,zamfara_shinkafi,d1444d12-1459-4e2a-94f2-99f10eb75f9e,Shinkafi south,Borehole,water_source,borehole_tube_well,d1444d12-1459-4e2a-94f2-99f10eb75f9e,Northwest
Poor Water Quality,,Sabon Gari,,,Stand Alone Water Point,1339628616553.jpg,No,12.99852997 6.52240931 357.29998779296875 8.0,False,Shinkafi,678,678,678.0,Manual,No,1339628616553.jpg,water,Zamfara,zamfara_shinkafi,0d846ed5-94e2-4bd3-8ed2-0cd2eee37010,Badarawa,Unimproved Well,water_source,unprotected_dug_well,0d846ed5-94e2-4bd3-8ed2-0cd2eee37010,Northwest
Functional,,Yar'aduwa tsohuwa,,,"Water Scheme, Source within 100m",1339917410872.jpg,Yes,13.076155185699463 6.511829495429993 352.0 4.0,True,Shinkafi,678,678,678.0,Tap (unknown lift),Yes,1339917410872.jpg,water,Zamfara,zamfara_shinkafi,7a374f00-93d5-4387-aa5f-ba2a94665d69,Shinkafi north,Tap,outlet,,7a374f00-93d5-4387-aa5f-ba2a94665d69,Northwest
Functional,,Baiche,,,Stand Alone Water Point,1339800948876.jpg,Yes,12.9799029 6.49103668 351.0 5.0,False,Shinkafi,678,678,678.0,Manual,No,1339800948876.jpg,water,Zamfara,zamfara_shinkafi,f2912a58-d722-42c5-8c37-15bc6802f1e2,Jangeru,Unimproved Well,water_source,protected_dug_well,f2912a58-d722-42c5-8c37-15bc6802f1e2,Northwest
Functional,,SABUWAN   AJIYAWA,,,"Water Scheme, Source within 100m",1339852116389.jpg,Yes,13.07736342 6.49759991 349.3999938964844 5.0,True,Shinkafi,678,678,678.0,Tap (unknown lift),No,1339852116389.jpg,water,Zamfara,zamfara_shinkafi,fda8f3d0-af9b-4f71-81be-3922ae147159,SHINKAFI   NORTH,Tap,outlet,,fda8f3d0-af9b-4f71-81be-3922ae147159,Northwest
Functional,,Tungan Gobirawa,,,"Water Scheme, Source within 100m",1339636514213.jpg,Yes,13.03899153 6.50360108 346.8999938964844 5.0,True,Shinkafi,678,678,678.0,Tap (unknown lift),No,1339636514213.jpg,water,Zamfara,zamfara_shinkafi,0ae58e10-2ec2-4c8d-a35d-e729716673b7,Badarawa,Tap,outlet,,0ae58e10-2ec2-4c8d-a35d-e729716673b7,Northwest
Functional,,Tudun Wada,,,"Water Scheme, Source within 1km",1339804552797.jpg,Yes,12.9873548 6.49647933 358.1000061035156 5.0,True,Shinkafi,678,678,678.0,Tap (unknown lift),No,1339804552797.jpg,water,Zamfara,zamfara_shinkafi,e4013f43-163a-45e8-b014-11de163ba266,Jangero,Tap,outlet,,e4013f43-163a-45e8-b014-11de163ba266,Northwest
Functional,,K T Kado,,,Stand Alone Water Point,1339674737194.jpg,Yes,13.026759624481201 6.473559737205505 347.0 4.0,False,Shinkafi,678,678,678.0,Manual,No,1339674737194.jpg,water,Zamfara,zamfara_shinkafi,99e884a9-778a-42d7-a64e-e3dd52124044,Badarawa Ward,Unimproved Well,water_source,unprotected_dug_well,99e884a9-778a-42d7-a64e-e3dd52124044,Northwest
Functional,,YAR ADUA,,,Stand Alone Water Point,1339847990910.jpg,Yes,13.07506429 6.50459644 323.79998779296875 5.0,False,Shinkafi,678,678,678.0,Diesel,Yes,1339847990910.jpg,water,Zamfara,zamfara_shinkafi,ceed7d5d-76da-4e08-966d-de080df6e07e,SHINKAFI   NORTH,Unimproved Well,water_source,protected_dug_well,ceed7d5d-76da-4e08-966d-de080df6e07e,Northwest
Mechanical Issue,,Mallamawa,,,"Water Scheme, Source within 100m",1339668255132.jpg,No,13.091250658035278 6.364184617996216 354.0 4.0,True,Shinkafi,678,678,678.0,Tap (unknown lift),No,1339668255132.jpg,water,Zamfara,zamfara_shinkafi,9f57c265-1c5f-4046-980c-734bf9fa1d8f,katuru,Tap,outlet,,9f57c265-1c5f-4046-980c-734bf9fa1d8f,Northwest
Functional,,BAKIN KASUWA,,,Stand Alone Water Point,1339765227441.jpg,Yes,12.96802309 6.63005337 359.70001220703125 5.0,False,Shinkafi,678,678,678.0,,No,1339765227441.jpg,water,Zamfara,zamfara_shinkafi,2616e6bf-aa8c-4b14-a7a4-bceed3895560,KWARE,Unimproved Well,water_source,unprotected_dug_well,2616e6bf-aa8c-4b14-a7a4-bceed3895560,Northwest
Mechanical Issue,,Gangara,,,"Water Scheme, Source within 100m",1339715162011.jpg,No,12.9826345 6.65196703 355.5 5.0,True,Shinkafi,678,678,678.0,Tap (unknown lift),No,1339715162011.jpg,water,Zamfara,zamfara_shinkafi,e1008ae8-66b8-4f3e-ad49-a24a088be8ea,Kurya,Tap,outlet,,e1008ae8-66b8-4f3e-ad49-a24a088be8ea,Northwest
Functional,,tungar kahau,,,Stand Alone Water Point,1339670768937.jpg,Yes,13.085296154022217 6.35234534740448 360.0 4.0,False,Shinkafi,678,678,678.0,,No,1339670768937.jpg,water,Zamfara,zamfara_shinkafi,6a88f366-b968-4eae-86dd-06d5c2cdef03,katuru,Unimproved Well,water_source,unprotected_dug_well,6a88f366-b968-4eae-86dd-06d5c2cdef03,Northwest
Functional,,SHIYAR      YARIMA,,,"Water Scheme, Source within 100m",1339857717486.jpg,Yes,13.07369377 6.50222878 336.0 5.0,True,Shinkafi,678,678,678.0,Tap (unknown lift),No,1339857717486.jpg,water,Zamfara,zamfara_shinkafi,ba061490-95af-4d36-8ff1-a96bf8b243cc,SHINKAFI   NORTH,Tap,outlet,,ba061490-95af-4d36-8ff1-a96bf8b243cc,Northwest
Mechanical Issue,,Sabongari,,,Stand Alone Water Point,1339837919171.jpg,No,12.990029454231262 6.4904844760894775 346.0 4.0,True,Shinkafi,678,678,678.0,Hand Pump,No,1339837919171.jpg,water,Zamfara,zamfara_shinkafi,fb0009f9-d4ec-4934-8884-56d6e1690c81,Jangeru Ward,Borehole,water_source,borehole_tube_well,fb0009f9-d4ec-4934-8884-56d6e1690c81,Northwest
Mechanical Issue,,Baje,,,"Water Scheme, Source within 100m",1339808412139.jpg,No,12.932349 6.56584599 391.8999938964844 5.0,True,Shinkafi,678,678,678.0,Tap (unknown lift),No,1339808412139.jpg,water,Zamfara,zamfara_shinkafi,62025ebb-b185-43bb-bece-19e6a58fbd31,Jangero,Tap,outlet,,62025ebb-b185-43bb-bece-19e6a58fbd31,Northwest
Functional,,Atarawa,,,Stand Alone Water Point,1339756368645.jpg,Yes,12.9771226644516 6.592445969581604 348.0 4.0,False,Shinkafi,678,678,678.0,Manual,No,1339756368645.jpg,water,Zamfara,zamfara_shinkafi,59c1f9ed-2555-4f5c-9862-ef9f8d1ceec1,Kware Ward,Unimproved Well,water_source,unprotected_dug_well,59c1f9ed-2555-4f5c-9862-ef9f8d1ceec1,Northwest
Functional,,Sabon Gari,,,"Water Scheme, Source within 100m",1339632409192.jpg,Yes,12.99728852 6.52007808 345.6000061035156 5.0,True,Shinkafi,678,678,678.0,Tap (unknown lift),No,1339632409192.jpg,water,Zamfara,zamfara_shinkafi,2b0c7f7c-c337-4fd2-aaf6-10d8d2661293,Barawa,Tap,outlet,,2b0c7f7c-c337-4fd2-aaf6-10d8d2661293,Northwest
Functional,,JANUHU,,,"Water Scheme, Source within 100m",1339600414407.jpg,Yes,13.14495156 6.36020872 348.8999938964844 5.0,True,Shinkafi,678,678,678.0,Tap (unknown lift),No,1339600414407.jpg,water,Zamfara,zamfara_shinkafi,fbe000e2-2916-47e1-ba07-f1c038cfe752,KATURU,Tap,outlet,,fbe000e2-2916-47e1-ba07-f1c038cfe752,Northwest
Mechanical Issue,,Baje,,,Stand Alone Water Point,1339846780887.jpg,No,12.932737469673157 6.565462946891785 382.0 4.0,True,Shinkafi,678,678,678.0,Hand Pump,No,1339846780887.jpg,water,Zamfara,zamfara_shinkafi,b53d4790-b68a-4ce7-b305-8bfeda9569b5,Jangeru Ward,Borehole,water_source,borehole_tube_well,b53d4790-b68a-4ce7-b305-8bfeda9569b5,Northwest
Functional,,Galadi,,,,1339688066448.jpg,Yes,13.05497964 6.42674151 362.1000061035156 5.0,False,Shinkafi,678,678,678.0,,No,1339688066448.jpg,water,Zamfara,zamfara_shinkafi,43262728-ff92-4179-8fe7-d3825783b9ba,Galadi,Don't Know,dk,,43262728-ff92-4179-8fe7-d3825783b9ba,Northwest
Under Construction,,Kurya Dambo/Sabongari,,,,1339754848565.jpg,No,12.94503127 6.65059284 380.70001220703125 5.0,False,Shinkafi,678,678,678.0,,No,1339754848565.jpg,water,Zamfara,zamfara_shinkafi,5ebf4b7b-66a8-4ce2-96f2-8abbff6f4eb0,Kurya,Don't Know,dk,,5ebf4b7b-66a8-4ce2-96f2-8abbff6f4eb0,Northwest
Mechanical Issue,,Mallamawa,,,"Water Scheme, Source within 100m",1339668578662.jpg,No,13.091781735420227 6.364152431488037 356.0 4.0,True,Shinkafi,678,678,678.0,Tap (unknown lift),No,1339668578662.jpg,water,Zamfara,zamfara_shinkafi,353ce8e1-a775-4c3e-8025-e2273fdfab65,Katuru,Tap,outlet,,353ce8e1-a775-4c3e-8025-e2273fdfab65,Northwest
Mechanical Issue,,Tungan Gobirawa,,,"Water Scheme, Source within 100m",1339635762093.jpg,No,13.03860421 6.50469771 343.29998779296875 5.0,True,Shinkafi,678,678,678.0,Tap (unknown lift),No,1339635762093.jpg,water,Zamfara,zamfara_shinkafi,a4411a02-0156-406b-9456-6ba233753bdd,Badarawa,Tap,outlet,,a4411a02-0156-406b-9456-6ba233753bdd,Northwest
Functional,,Kursasa,,,Stand Alone Water Point,1339751042424.jpg,Yes,13.003499507904053 6.556182503700256 350.0 4.0,True,Shinkafi,678,678,678.0,Hand Pump,No,1339751042424.jpg,water,Zamfara,zamfara_shinkafi,a49ea5fa-e4fb-4c9d-a71a-c8deaaf3b8a4,Kware Ward,Borehole,water_source,borehole_tube_well,a49ea5fa-e4fb-4c9d-a71a-c8deaaf3b8a4,Northwest
Mechanical Issue,,Bagare,,,"Water Scheme, Source within 100m",1339723725242.jpg,No,12.93958194 6.6895799 376.29998779296875 5.0,True,Shinkafi,678,678,678.0,Tap (unknown lift),No,1339723725242.jpg,water,Zamfara,zamfara_shinkafi,b3fdd180-11d6-435f-89b3-42c661a9519a,Kurya,Tap,outlet,,b3fdd180-11d6-435f-89b3-42c661a9519a,Northwest
Mechanical Issue,,Tungar kahau,,,"Water Scheme, Source within 100m",1339670616131.jpg,No,13.085854053497314 6.351385116577148 372.0 4.0,True,Shinkafi,678,678,678.0,Tap (unknown lift),No,1339670616131.jpg,water,Zamfara,zamfara_shinkafi,cd692b92-ac17-4bb4-b281-97efbe9c1c52,katuru,Tap,outlet,,cd692b92-ac17-4bb4-b281-97efbe9c1c52,Northwest
Mechanical Issue,,Bula,,,,1339679349586.jpg,No,13.08890118 6.28357436 363.79998779296875 5.0,False,Shinkafi,678,678,678.0,,No,1339679349586.jpg,water,Zamfara,zamfara_shinkafi,a3a7f298-a434-46c5-b296-fb60d39d9f74,Galadi,Don't Know,dk,,a3a7f298-a434-46c5-b296-fb60d39d9f74,Northwest
Functional,,BARZA,,,"Water Scheme, Source within 100m",1339589080379.jpg,Yes,13.10607794 6.43487086 345.29998779296875 5.0,True,Shinkafi,678,678,678.0,Tap (unknown lift),Yes,1339589080379.jpg,water,Zamfara,zamfara_shinkafi,441b7069-100e-42fa-8421-645f3ce20513,KATURU,Tap,outlet,,441b7069-100e-42fa-8421-645f3ce20513,Northwest
Functional,,Baje,,,Stand Alone Water Point,1339846285315.jpg,Yes,12.935011982917786 6.568949818611145 385.0 2.0,False,Shinkafi,678,678,678.0,Manual,No,1339846285315.jpg,water,Zamfara,zamfara_shinkafi,cace1041-c84d-41ed-ac92-9076d28651dc,Jangeru  Ward,Unimproved Well,water_source,unprotected_dug_well,cace1041-c84d-41ed-ac92-9076d28651dc,Northwest
Functional,,YAR    MARAYCE,,,"Water Scheme, Source within 100m",1339862613514.jpg,Yes,13.07322551 6.51033512 329.79998779296875 5.0,True,Shinkafi,678,678,678.0,Tap (unknown lift),Yes,1339862613514.jpg,water,Zamfara,zamfara_shinkafi,48633095-9c40-40e1-859e-e422bf23bb81,SHINKAFI    NORTH,Tap,outlet,,48633095-9c40-40e1-859e-e422bf23bb81,Northwest
Functional,,GIDAN     WAWA,,,Stand Alone Water Point,1339675877537.jpg,Yes,13.09458311 6.3473924 364.79998779296875 5.0,False,Shinkafi,678,678,678.0,,No,1339675877537.jpg,water,Zamfara,zamfara_shinkafi,0c9844df-be18-4e47-8f55-36f7329f9ce4,KATURU,Unimproved Well,water_source,unprotected_dug_well,0c9844df-be18-4e47-8f55-36f7329f9ce4,Northwest
Functional,,Barahazawa,,,"Water Scheme, Source within 100m",1339914789932.jpg,Yes,13.072813153266907 6.514313220977783 356.0 4.0,True,Shinkafi,678,678,678.0,Tap (unknown lift),No,1339914789932.jpg,water,Zamfara,zamfara_shinkafi,96268654-c1de-42e6-b606-0cc0c557f7fe,Shinkafi north,Tap,outlet,,96268654-c1de-42e6-b606-0cc0c557f7fe,Northwest
Poorly Constructed,,Maberaya South,,,"Water Scheme, Source within 100m",1339843331167.jpg,No,13.05387047 6.52614901 344.29998779296875 5.0,True,Shinkafi,678,678,678.0,Tap (unknown lift),No,1339843331167.jpg,water,Zamfara,zamfara_shinkafi,c46e1919-c92e-4886-8d0b-47076abfd226,Shinkafi South,Tap,outlet,,c46e1919-c92e-4886-8d0b-47076abfd226,Northwest
Mechanical Issue,,Kagara,,,"Water Scheme, Source within 100m",1339599478688.jpg,No,13.03558378 6.41131404 352.1000061035156 5.0,True,Shinkafi,678,678,678.0,Tap (unknown lift),No,1339599478688.jpg,water,Zamfara,zamfara_shinkafi,841a85fe-dd5e-4f34-8f47-4958877de02a,Galadi,Tap,outlet,,841a85fe-dd5e-4f34-8f47-4958877de02a,Northwest
Functional,,Bakin marna,,,"Water Scheme, Source within 100m",1339923887863.jpg,Yes,13.075591921806335 6.5099036693573 342.0 4.0,True,Shinkafi,678,678,678.0,Tap (unknown lift),No,1339923887863.jpg,water,Zamfara,zamfara_shinkafi,4ead3da7-3fdc-4dfd-a923-314ab5ea6ebb,Shinkafi north,Tap,outlet,,4ead3da7-3fdc-4dfd-a923-314ab5ea6ebb,Northwest
Functional,,Kagara,,,,1339598381639.jpg,Yes,13.03650889 6.41125792 356.5 5.0,False,Shinkafi,678,678,678.0,,No,1339598381639.jpg,water,Zamfara,zamfara_shinkafi,02edd444-8266-4874-a831-8fa77dd74285,Galadi,Don't Know,dk,,02edd444-8266-4874-a831-8fa77dd74285,Northwest
Mechanical Issue,,Tungan Gobirawa,,,"Water Scheme, Source within 100m",1339635284690.jpg,No,13.03718757 6.50390324 345.8999938964844 5.0,True,Shinkafi,678,678,678.0,Tap (unknown lift),No,1339635284690.jpg,water,Zamfara,zamfara_shinkafi,80fd2fb0-3309-4880-a226-6bec57736f8b,Badarawa,Tap,outlet,,80fd2fb0-3309-4880-a226-6bec57736f8b,Northwest
Functional,,Kagara,,,,1339599875993.jpg,Yes,13.03513486 6.41243931 358.79998779296875 5.0,False,Shinkafi,678,678,678.0,,No,1339599875993.jpg,water,Zamfara,zamfara_shinkafi,9c9e419e-e618-421d-98cc-75bcbdbd3b39,Galadi,Don't Know,dk,,9c9e419e-e618-421d-98cc-75bcbdbd3b39,Northwest
Mechanical Issue,,Sabongari/GGDSS,,,,1339840819757.jpg,No,13.05338842 6.50498338 328.79998779296875 5.0,False,Shinkafi,678,678,678.0,,No,1339840819757.jpg,water,Zamfara,zamfara_shinkafi,dc40990b-0aa3-4552-b884-69593e6aa4e1,Shikafi South,Don't Know,dk,,dc40990b-0aa3-4552-b884-69593e6aa4e1,Northwest
Functional,,SABUWAR    AJIYAWA,,,"Water Scheme, Source within 100m",1339855760447.jpg,Yes,13.07725296 6.49321062 328.6000061035156 5.0,True,Shinkafi,678,678,678.0,Tap (unknown lift),Yes,1339855760447.jpg,water,Zamfara,zamfara_shinkafi,d065e20f-4a08-4346-b7e6-b4c4fcfb0b6c,SHINKAFI    NORTH,Tap,outlet,,d065e20f-4a08-4346-b7e6-b4c4fcfb0b6c,Northwest
Mechanical Issue,,Galadi,,,Stand Alone Water Point,1339687723022.jpg,No,13.05499286 6.42471393 360.70001220703125 5.0,True,Shinkafi,678,678,678.0,Hand Pump,No,1339687723022.jpg,water,Zamfara,zamfara_shinkafi,232b2df3-b870-4335-a0e8-23f74654ce9b,Galadi,Borehole,water_source,borehole_tube_well,232b2df3-b870-4335-a0e8-23f74654ce9b,Northwest
Functional,,Masallacin juma'a barahazawa,,,"Water Scheme, Source within 100m",1339914503352.jpg,Yes,13.07249128818512 6.513878703117371 345.0 6.0,True,Shinkafi,678,678,678.0,Tap (unknown lift),No,1339914503352.jpg,water,Zamfara,zamfara_shinkafi,8dc48209-a630-41a1-8b9c-5241e9c4857a,Shinkafi north,Tap,outlet,,8dc48209-a630-41a1-8b9c-5241e9c4857a,Northwest
Mechanical Issue,,Maberaya South,,,Stand Alone Water Point,1339843604912.jpg,No,13.0533711 6.52471513 353.29998779296875 5.0,True,Shinkafi,678,678,678.0,Hand Pump,No,1339843604912.jpg,water,Zamfara,zamfara_shinkafi,a192688b-6765-4865-bb16-ec38e702b5dc,Shinkafi south,Borehole,water_source,borehole_tube_well,a192688b-6765-4865-bb16-ec38e702b5dc,Northwest
Functional,,Shiyar Guraguri shinkafi,,,Stand Alone Water Point,1339836046396.jpg,Yes,13.07247843 6.51388845 347.0 5.0,True,Shinkafi,678,678,678.0,Hand Pump,No,1339836046396.jpg,water,Zamfara,zamfara_shinkafi,ed650f14-27ca-4884-b521-6d45e6f43511,Shinkafi South,Borehole,water_source,borehole_tube_well,ed650f14-27ca-4884-b521-6d45e6f43511,Northwest
Functional,,MAGAZAWA,,,Stand Alone Water Point,1339769500425.jpg,Yes,12.93551517 6.61699949 351.6000061035156 5.0,False,Shinkafi,678,678,678.0,,No,1339769500425.jpg,water,Zamfara,zamfara_shinkafi,713420db-a304-4998-a536-aac6ea795077,KWARE,Unimproved Well,water_source,unprotected_dug_well,713420db-a304-4998-a536-aac6ea795077,Northwest
Functional,,Alkalawa Shinkafi,,,"Water Scheme, Source within 1km",1339838028884.jpg,Yes,13.06097693 6.50152035 351.8999938964844 5.0,True,Shinkafi,678,678,678.0,Tap (unknown lift),No,1339838028884.jpg,water,Zamfara,zamfara_shinkafi,8fd3d337-a1a2-493f-93fa-739c4653fdf7,Shinkafi south,Tap,outlet,,8fd3d337-a1a2-493f-93fa-739c4653fdf7,Northwest
Functional,,Sabongari,,,"Water Scheme, Source within 1km",1339843753567.jpg,Yes,13.06096092 6.50150743 362.79998779296875 5.0,True,Shinkafi,678,678,678.0,Tap (unknown lift),No,1339843753567.jpg,water,Zamfara,zamfara_shinkafi,5f97d477-36bd-412f-ad91-cde87f838f9c,Shinkafi South,Tap,outlet,,5f97d477-36bd-412f-ad91-cde87f838f9c,Northwest
Functional,,Kasuwa,,,Stand Alone Water Point,1339840783155.jpg,Yes,12.986279726028442 6.487641334533691 347.0 4.0,True,Shinkafi,678,678,678.0,Hand Pump,No,1339840783155.jpg,water,Zamfara,zamfara_shinkafi,470a1512-35eb-4e94-a96b-cc341c142c2f,Jangeru Ward,Borehole,water_source,borehole_tube_well,470a1512-35eb-4e94-a96b-cc341c142c2f,Northwest
Functional,,Gobirawa,,,"Water Scheme, Source within 100m",1339762388758.jpg,Yes,13.002029657363892 6.595841646194458 352.0 4.0,True,Shinkafi,678,678,678.0,Tap (unknown lift),No,1339762388758.jpg,water,Zamfara,zamfara_shinkafi,5e552533-b792-4bbb-829b-6b2e161ebc17,Kware Ward,Tap,outlet,,5e552533-b792-4bbb-829b-6b2e161ebc17,Northwest
Functional,,Sabongari/GGDSS,,,,1339840544334.jpg,Yes,13.0533126 6.50510362 336.1000061035156 5.0,False,Shinkafi,678,678,678.0,,No,1339840544334.jpg,water,Zamfara,zamfara_shinkafi,3b69c7d5-9ed1-44ed-b5d4-5d251a933060,Shinkafi Soutb,Don't Know,dk,,3b69c7d5-9ed1-44ed-b5d4-5d251a933060,Northwest
Functional,,Sabongari,,,,1339844100011.jpg,Yes,13.0648839 6.50094844 359.0 5.0,False,Shinkafi,678,678,678.0,,No,1339844100011.jpg,water,Zamfara,zamfara_shinkafi,40cbb4ff-cc7c-4917-a4e9-025d71c28657,Dhinkafi South,Don't Know,dk,,40cbb4ff-cc7c-4917-a4e9-025d71c28657,Northwest
Mechanical Issue,,T/Hashimu,,,Stand Alone Water Point,1339672873781.jpg,No,13.047932982444763 6.482287645339966 344.0 4.0,True,Shinkafi,678,678,678.0,Hand Pump,No,1339672873781.jpg,water,Zamfara,zamfara_shinkafi,31d179c0-4ee3-4716-98c8-5d80a6c8b3c6,Badarawa Ward,Borehole,water_source,borehole_tube_well,31d179c0-4ee3-4716-98c8-5d80a6c8b3c6,Northwest
Mechanical Issue,,Hidan Rijiya,,,,1339606540064.jpg,No,13.05500394 6.36177184 365.5 5.0,False,Shinkafi,678,678,678.0,,No,1339606540064.jpg,water,Zamfara,zamfara_shinkafi,0cdf666a-495d-42c3-b5eb-39c5dc3f369a,Galadi,Don't Know,dk,,0cdf666a-495d-42c3-b5eb-39c5dc3f369a,Northwest
Mechanical Issue,,KAFIN   MAZUGA,,,"Water Scheme, Source within 100m",1339597783524.jpg,No,13.11833516 6.3777823 332.6000061035156 5.0,True,Shinkafi,678,678,678.0,Tap (unknown lift),No,1339597783524.jpg,water,Zamfara,zamfara_shinkafi,e2df34ac-afb5-4c94-b4e2-9ab4e6a2f73f,KATURU,Tap,outlet,,e2df34ac-afb5-4c94-b4e2-9ab4e6a2f73f,Northwest
Functional,,GIDAN DAN  MUSA,,,"Water Scheme, Source within 100m",1339779041912.jpg,Yes,12.94347316 6.60393898 407.29998779296875 5.0,True,Shinkafi,678,678,678.0,Tap (unknown lift),No,1339779041912.jpg,water,Zamfara,zamfara_shinkafi,b2cc0530-2dbc-4304-b972-269e382ddb02,KWARE,Tap,outlet,,b2cc0530-2dbc-4304-b972-269e382ddb02,Northwest
Functional,,Kurya Dambo/Baichi,,,,1339759423861.jpg,Yes,12.94686317 6.65046092 387.6000061035156 5.0,False,Shinkafi,678,678,678.0,,No,1339759423861.jpg,water,Zamfara,zamfara_shinkafi,4ce413f4-dbc6-411f-9906-db21aa1edbb8,Kirya,Don't Know,dk,,4ce413f4-dbc6-411f-9906-db21aa1edbb8,Northwest
Functional,,Sabon Fegi,,,"Water Scheme, Source within 100m",1339799712648.jpg,Yes,12.98644255 6.49227864 353.70001220703125 5.0,True,Shinkafi,678,678,678.0,Tap (unknown lift),No,1339799712648.jpg,water,Zamfara,zamfara_shinkafi,bef926f6-f17f-4016-8fb4-95ec5439caea,Jangeru,Tap,outlet,,bef926f6-f17f-4016-8fb4-95ec5439caea,Northwest
Functional,,Atarawa,,,Stand Alone Water Point,1339758847296.jpg,Yes,12.9783296585083 6.593003869056702 353.0 4.0,False,Shinkafi,678,678,678.0,Manual,No,1339758847296.jpg,water,Zamfara,zamfara_shinkafi,1f0109ca-d405-4930-abb1-fb6a73c9c65a,Kware Ward,Unimproved Well,water_source,unprotected_dug_well,1f0109ca-d405-4930-abb1-fb6a73c9c65a,Northwest
Functional,,SHANTALI,,,Stand Alone Water Point,1339850010330.jpg,Yes,13.07610874 6.50355933 355.20001220703125 5.0,False,Shinkafi,678,678,678.0,,No,1339850010330.jpg,water,Zamfara,zamfara_shinkafi,9115a564-60ea-4aae-b4e0-e0a31259964e,SHINKAFI     NORTH,Unimproved Well,water_source,unprotected_dug_well,9115a564-60ea-4aae-b4e0-e0a31259964e,Northwest
Mechanical Issue,,Jangeru,,,Stand Alone Water Point,1339837315267.jpg,No,12.986612319946289 6.492195725440979 340.0 4.0,True,Shinkafi,678,678,678.0,Hand Pump,No,1339837315267.jpg,water,Zamfara,zamfara_shinkafi,103cca82-b5f9-4e2e-b46a-ecedb625c8b8,Jangeru Ward,Borehole,water_source,borehole_tube_well,103cca82-b5f9-4e2e-b46a-ecedb625c8b8,Northwest
Mechanical Issue,,katuru,,,"Water Scheme, Source within 100m",1339592100972.jpg,No,13.103352785110474 6.437183618545532 343.0 3.0,True,Shinkafi,678,678,678.0,Tap (unknown lift),No,1339592100972.jpg,water,Zamfara,zamfara_shinkafi,754e46b8-b950-41cb-9cbc-9c02692a6ae2,katuru,Tap,outlet,,754e46b8-b950-41cb-9cbc-9c02692a6ae2,Northwest
Functional,,Kursasa,,,Stand Alone Water Point,1339750676820.jpg,Yes,12.999851703643799 6.556488275527954 360.0 4.0,True,Shinkafi,678,678,678.0,Hand Pump,No,1339750676820.jpg,water,Zamfara,zamfara_shinkafi,1ff8f2e1-43c3-4612-9bf4-9fc84745399f,Kware Ward,Borehole,water_source,borehole_tube_well,1ff8f2e1-43c3-4612-9bf4-9fc84745399f,Northwest
Under Construction,,Kudya Fambo/Danawa,,,,1339751895104.jpg,No,12.9499287 6.65058591 367.8999938964844 5.0,False,Shinkafi,678,678,678.0,,No,1339751895104.jpg,water,Zamfara,zamfara_shinkafi,925dcb70-0eb3-4ef7-a19a-87b62bb3e539,Kurya,Don't Know,dk,,925dcb70-0eb3-4ef7-a19a-87b62bb3e539,Northwest
Functional,,Sankalawa,,,"Water Scheme, Source within 100m",1339916368458.jpg,Yes,13.074701428413391 6.513315439224243 343.0 4.0,True,Shinkafi,678,678,678.0,Tap (unknown lift),Yes,1339916368458.jpg,water,Zamfara,zamfara_shinkafi,05988989-238d-4b76-b224-a63630910555,Shinkafi,Tap,outlet,,05988989-238d-4b76-b224-a63630910555,Northwest
Under Construction,,Galadi,,,,1339594187258.jpg,No,13.05656119 6.42037318 353.8999938964844 5.0,False,Shinkafi,678,678,678.0,,No,1339594187258.jpg,water,Zamfara,zamfara_shinkafi,f59e57ef-b4a0-4b28-8396-f3673ee6646b,Galadi,Don't Know,dk,,f59e57ef-b4a0-4b28-8396-f3673ee6646b,Northwest
Functional,,Tungar Kahau,,,Stand Alone Water Point,1339683932429.jpg,Yes,13.08599174 6.35314529 370.20001220703125 5.0,True,Shinkafi,678,678,678.0,Hand Pump,No,1339683932429.jpg,water,Zamfara,zamfara_shinkafi,baa40c15-a531-4abe-9e92-cbe1ea4a9163,Galadi,Borehole,water_source,borehole_tube_well,baa40c15-a531-4abe-9e92-cbe1ea4a9163,Northwest
Functional,,Baje,,,"Water Scheme, Source further than 1km",1339807978015.jpg,Yes,12.93535972 6.56899641 387.8999938964844 5.0,True,Shinkafi,678,678,678.0,Tap (unknown lift),No,1339807978015.jpg,water,Zamfara,zamfara_shinkafi,1435400d-bf28-4a48-a375-9e95284f54f6,Jangero,Tap,outlet,,1435400d-bf28-4a48-a375-9e95284f54f6,Northwest
Functional,,Tsauni,,,"Water Scheme, Source within 100m",1339628931877.jpg,Yes,12.99963205 6.52550214 358.20001220703125 5.0,True,Shinkafi,678,678,678.0,Tap (unknown lift),No,1339628931877.jpg,water,Zamfara,zamfara_shinkafi,dcc877dd-c6f5-45e7-85b5-4a51287a4dfa,Badarawa,Tap,outlet,,dcc877dd-c6f5-45e7-85b5-4a51287a4dfa,Northwest
Functional,,mallamawa,,,Stand Alone Water Point,1339668403066.jpg,Yes,13.09221625328064 6.364957094192505 353.0 4.0,False,Shinkafi,678,678,678.0,,No,1339668403066.jpg,water,Zamfara,zamfara_shinkafi,6e739714-b954-4970-aa49-7f04458d9996,Katuru,Unimproved Well,water_source,unprotected_dug_well,6e739714-b954-4970-aa49-7f04458d9996,Northwest
Functional,,Kurya Dambo,,,,1339750464930.jpg,Yes,12.94803922 6.65096802 374.1000061035156 5.0,False,Shinkafi,678,678,678.0,,No,1339750464930.jpg,water,Zamfara,zamfara_shinkafi,2e5361b3-db80-420c-9e8d-fc22eeeab7f4,Kurya,Don't Know,dk,,2e5361b3-db80-420c-9e8d-fc22eeeab7f4,Northwest
Mechanical Issue,,Alkalawa,,,Stand Alone Water Point,1339837470125.jpg,No,13.06548674 6.50309138 363.1000061035156 5.0,True,Shinkafi,678,678,678.0,Hand Pump,No,1339837470125.jpg,water,Zamfara,zamfara_shinkafi,7bcce93e-aedc-4094-831b-07829f9a5a23,Shinkafi south,Borehole,water_source,borehole_tube_well,7bcce93e-aedc-4094-831b-07829f9a5a23,Northwest
Functional,,Centre,,,"Water Scheme, Source within 100m",1339915884371.jpg,Yes,13.07447612285614 6.512677073478699 345.0 4.0,True,Shinkafi,678,678,678.0,Tap (unknown lift),Yes,1339915884371.jpg,water,Zamfara,zamfara_shinkafi,6b2d1e69-3319-46b3-9792-84e27b6d3b31,Shinkafi north,Tap,outlet,,6b2d1e69-3319-46b3-9792-84e27b6d3b31,Northwest
Functional,,Sankalawa,,,Stand Alone Water Point,1339915547018.jpg,Yes,13.075699210166931 6.5144795179367065 342.0 4.0,False,Shinkafi,678,678,678.0,,No,1339915547018.jpg,water,Zamfara,zamfara_shinkafi,d0f55620-c16e-43eb-aa14-710804943d62,"
Shinkafi north",Unimproved Well,water_source,protected_dug_well,d0f55620-c16e-43eb-aa14-710804943d62,Northwest
Functional,,Tungar kahau,,,Stand Alone Water Point,1339670373300.jpg,Yes,13.086111545562744 6.352897882461548 357.0 4.0,False,Shinkafi,678,678,678.0,,No,1339670373300.jpg,water,Zamfara,zamfara_shinkafi,937dcc69-ec2a-4b54-9907-f940d408a974,katuru,Unimproved Well,water_source,unprotected_dug_well,937dcc69-ec2a-4b54-9907-f940d408a974,Northwest
Functional,,Ali Bisije PS Alkalawa Shinkafi,,,Stand Alone Water Point,1339836987348.jpg,Yes,13.06733451 6.50050416 347.1000061035156 5.0,True,Shinkafi,678,678,678.0,Hand Pump,No,1339836987348.jpg,water,Zamfara,zamfara_shinkafi,73a31458-b6b0-46ac-9fab-ea4a79dda3b8,Shinkafi South,Borehole,water_source,borehole_tube_well,73a31458-b6b0-46ac-9fab-ea4a79dda3b8,Northwest
Mechanical Issue,,Maberaya South,,,Stand Alone Water Point,1339843886207.jpg,No,13.05280946 6.52504481 356.79998779296875 5.0,True,Shinkafi,678,678,678.0,Hand Pump,No,1339843886207.jpg,water,Zamfara,zamfara_shinkafi,0bf79ec3-9ccf-44ce-a789-9e98713c3a13,Shinkafi south,Borehole,water_source,borehole_tube_well,0bf79ec3-9ccf-44ce-a789-9e98713c3a13,Northwest
Functional,,G maza,,,Stand Alone Water Point,1339768421822.jpg,Yes,13.01205575466156 6.591115593910217 349.0 4.0,False,Shinkafi,678,678,678.0,,No,1339768421822.jpg,water,Zamfara,zamfara_shinkafi,7bfa6074-febd-46b8-a016-724119b0175a,Kware Ward,Unprotected Spring,water_source,developed_protected_spring_water,7bfa6074-febd-46b8-a016-724119b0175a,Northwest
Mechanical Issue,,Atarawa,,,Stand Alone Water Point,1339758539700.jpg,No,12.978013157844543 6.592494249343872 353.0 4.0,True,Shinkafi,678,678,678.0,Hand Pump,No,1339758539700.jpg,water,Zamfara,zamfara_shinkafi,14ba63da-a27b-4439-a890-bbf9a62ffa06,Kware Ward,Borehole,water_source,borehole_tube_well,14ba63da-a27b-4439-a890-bbf9a62ffa06,Northwest
Functional,,GIDAN    ACHALI,,,Stand Alone Water Point,1339767144500.jpg,Yes,12.94301626 6.61004986 363.1000061035156 5.0,False,Shinkafi,678,678,678.0,,No,1339767144500.jpg,water,Zamfara,zamfara_shinkafi,3b302ae2-4357-450e-975c-a2ce030a8405,KWARE,Unimproved Well,water_source,unprotected_dug_well,3b302ae2-4357-450e-975c-a2ce030a8405,Northwest
Mechanical Issue,,katuru,,,"Water Scheme, Source within 100m",1339591890263.jpg,No,13.10271441936493 6.4346301555633545 346.0 4.0,True,Shinkafi,678,678,678.0,Tap (unknown lift),No,1339591890263.jpg,water,Zamfara,zamfara_shinkafi,a1bbe5f5-a8be-41bd-99f0-e62c4ff26ab7,katuru,Tap,outlet,,a1bbe5f5-a8be-41bd-99f0-e62c4ff26ab7,Northwest
Functional,,Bakin marna,,,"Water Scheme, Source within 100m",1339923647505.jpg,Yes,13.075597286224365 6.509876847267151 346.0 4.0,True,Shinkafi,678,678,678.0,Tap (unknown lift),No,1339923647505.jpg,water,Zamfara,zamfara_shinkafi,1d0e691d-9d69-4755-a61b-75c11133846d,Shinkafi north,Tap,outlet,,1d0e691d-9d69-4755-a61b-75c11133846d,Northwest
Functional,,SHIYAN     MAIGARI,,,Stand Alone Water Point,1339768154187.jpg,Yes,12.94300515 6.61096332 371.6000061035156 5.0,False,Shinkafi,678,678,678.0,,No,1339768154187.jpg,water,Zamfara,zamfara_shinkafi,9ceccc8d-db05-4d0d-b8d9-a8fe0b0f1d3b,KWARE,Unimproved Well,water_source,unprotected_dug_well,9ceccc8d-db05-4d0d-b8d9-a8fe0b0f1d3b,Northwest
Functional,,BAKIN    KASUWA,,,"Water Scheme, Source within 100m",1339763549486.jpg,Yes,12.96581216 6.63138461 350.6000061035156 5.0,True,Shinkafi,678,678,678.0,Tap (unknown lift),No,1339763549486.jpg,water,Zamfara,zamfara_shinkafi,888b89bd-0e82-4336-833f-d3167fb92505,KWARE,Tap,outlet,,888b89bd-0e82-4336-833f-d3167fb92505,Northwest
Mechanical Issue,,Maberaya North,,,Stand Alone Water Point,1339846064247.jpg,No,13.05080417 6.52249461 350.3999938964844 5.0,True,Shinkafi,678,678,678.0,Hand Pump,No,1339846064247.jpg,water,Zamfara,zamfara_shinkafi,0e8e74ab-6958-483c-b0f3-32b49d1df16a,Shinkafi shinkafi,Borehole,water_source,borehole_tube_well,0e8e74ab-6958-483c-b0f3-32b49d1df16a,Northwest
Functional,,S/Garin Gabas,,,Stand Alone Water Point,1339840636529.jpg,Yes,13.06347196 6.50679026 355.1000061035156 5.0,True,Shinkafi,678,678,678.0,Hand Pump,No,1339840636529.jpg,water,Zamfara,zamfara_shinkafi,6444f8a1-ed14-419b-bc38-97d1a874e97a,Shinkafi south,Borehole,water_source,borehole_tube_well,6444f8a1-ed14-419b-bc38-97d1a874e97a,Northwest
Functional,,sankalawa,,,"Water Scheme, Source within 100m",1339915364691.jpg,Yes,13.074803352355957 6.514125466346741 356.0 3.0,True,Shinkafi,678,678,678.0,Tap (unknown lift),No,1339915364691.jpg,water,Zamfara,zamfara_shinkafi,9400301e-857b-4554-b988-7e9f3cbaa631,Shinkafi north,Tap,outlet,,9400301e-857b-4554-b988-7e9f3cbaa631,Northwest
Mechanical Issue,,Galadi,,,Stand Alone Water Point,1339604568933.jpg,No,13.05127278 6.42229433 356.20001220703125 5.0,True,Shinkafi,678,678,678.0,Hand Pump,No,1339604568933.jpg,water,Zamfara,zamfara_shinkafi,732a21e2-504a-4a3b-a045-065c3c1a6de7,Galadi,Borehole,water_source,borehole_tube_well,732a21e2-504a-4a3b-a045-065c3c1a6de7,Northwest
Functional,,Mallamawa,,,Stand Alone Water Point,1339667814491.jpg,Yes,13.091615438461304 6.365917325019836 357.0 4.0,False,Shinkafi,678,678,678.0,,No,1339667814491.jpg,water,Zamfara,zamfara_shinkafi,52a3b1d1-ef98-4eee-aac8-1a3c9d543916,Katuru,Unimproved Well,water_source,unprotected_dug_well,52a3b1d1-ef98-4eee-aac8-1a3c9d543916,Northwest
Functional,,T/Hashimu,,,"Water Scheme, Source within 100m",1339673193467.jpg,Yes,13.048678636550903 6.482754349708557 345.0 4.0,True,Shinkafi,678,678,678.0,Tap (unknown lift),No,1339673193467.jpg,water,Zamfara,zamfara_shinkafi,d331d4bb-038f-42cf-9b27-791f527e90a5,Badarawa Ward,Tap,outlet,,d331d4bb-038f-42cf-9b27-791f527e90a5,Northwest
,,SABUWAR      AJIYAWA,,,"Water Scheme, Source within 100m",1339854481746.jpg,Don't Know,13.07746864 6.49542991 345.5 5.0,True,Shinkafi,678,678,678.0,Tap (unknown lift),Don't Know,1339854481746.jpg,water,Zamfara,zamfara_shinkafi,ff8dfb3e-bc86-4baa-9cc9-2dadc36a8259,SHINKAFI  NORTH,Tap,outlet,,ff8dfb3e-bc86-4baa-9cc9-2dadc36a8259,Northwest
Functional,,Tsauni,,,"Water Scheme, Source within 100m",1339628931877.jpg,Yes,12.99963205 6.52550214 358.20001220703125 5.0,True,Shinkafi,678,678,678.0,Tap (unknown lift),No,1339628931877.jpg,water,Zamfara,zamfara_shinkafi,f48b8e3c-32f5-47b8-bae6-95df624701f0,Badarawa,Tap,outlet,,f48b8e3c-32f5-47b8-bae6-95df624701f0,Northwest
Functional,,Katuru,,,"Water Scheme, Source within 100m",1339592687863.jpg,Yes,13.106689453125 6.438573002815247 349.0 4.0,True,Shinkafi,678,678,678.0,Tap (unknown lift),No,1339592687863.jpg,water,Zamfara,zamfara_shinkafi,ad744c40-c087-4135-b648-4b4e8b0b25f5,Katuru,Tap,outlet,,ad744c40-c087-4135-b648-4b4e8b0b25f5,Northwest
Mechanical Issue,,Gidan Rijiya,,,,1339606859546.jpg,No,13.0559214 6.36166284 361.8999938964844 5.0,False,Shinkafi,678,678,678.0,,No,1339606859546.jpg,water,Zamfara,zamfara_shinkafi,0c215d60-80a2-431c-b7b9-77a21a9fc2f3,Galadi,Don't Know,dk,,0c215d60-80a2-431c-b7b9-77a21a9fc2f3,Northwest
Mechanical Issue,,Galadi,,,Stand Alone Water Point,1339604242385.jpg,No,13.05292415 6.42368407 354.79998779296875 5.0,True,Shinkafi,678,678,678.0,Hand Pump,No,1339604242385.jpg,water,Zamfara,zamfara_shinkafi,6e032b60-8e14-40eb-9d67-3e43180cde1f,Galadi,Borehole,water_source,borehole_tube_well,6e032b60-8e14-40eb-9d67-3e43180cde1f,Northwest
Mechanical Issue,,katuru,,,"Water Scheme, Source within 100m",1339591726999.jpg,No,13.104237914085388 6.434791088104248 340.0 4.0,True,Shinkafi,678,678,678.0,Tap (unknown lift),No,1339591726999.jpg,water,Zamfara,zamfara_shinkafi,f05b910f-6748-4b30-929f-89fbe2cac0df,Katuru,Tap,outlet,,f05b910f-6748-4b30-929f-89fbe2cac0df,Northwest
Functional,,Tudun Wada,,,"Water Scheme, Source within 100m",1339804800629.jpg,Yes,12.9888907 6.50123257 357.3999938964844 5.0,True,Shinkafi,678,678,678.0,Tap (unknown lift),No,1339804800629.jpg,water,Zamfara,zamfara_shinkafi,e560dc0b-7ad2-4a29-9b3c-601a3635a93b,Jangero,Tap,outlet,,e560dc0b-7ad2-4a29-9b3c-601a3635a93b,Northwest
Functional,,Tungar kahau,,,"Water Scheme, Source within 100m",1339670175064.jpg,Yes,13.086004257202148 6.353144645690918 358.0 4.0,True,Shinkafi,678,678,678.0,Tap (unknown lift),No,1339670175064.jpg,water,Zamfara,zamfara_shinkafi,034ff9f4-513e-4a80-969e-ad283318daa7,Katuru,Tap,outlet,,034ff9f4-513e-4a80-969e-ad283318daa7,Northwest
Mechanical Issue,,Fakai,,,Stand Alone Water Point,1339756935436.jpg,No,13.01416533 6.62388726 366.70001220703125 5.0,True,Shinkafi,678,678,678.0,Hand Pump,No,1339756935436.jpg,water,Zamfara,zamfara_shinkafi,2275bcf0-2e2e-4356-8e6d-8b45e1fbd0b6,Kurya Dambo,Borehole,water_source,borehole_tube_well,2275bcf0-2e2e-4356-8e6d-8b45e1fbd0b6,Northwest
Under Construction,,Bula,,,,1339678943928.jpg,No,13.0894949 6.28339378 370.70001220703125 5.0,False,Shinkafi,678,678,678.0,,Don't Know,1339678943928.jpg,water,Zamfara,zamfara_shinkafi,3db39fb0-431c-4324-b38b-66e50f3cbb51,Galadi,Don't Know,dk,,3db39fb0-431c-4324-b38b-66e50f3cbb51,Northwest
Functional,,Shanawa,0.00296603331042,0.325916666944,Stand Alone Water Point,1339590599801.jpg,Yes,13.087613582611084 6.493992805480957 353.0 4.0,True,Shinkafi,678,678,358.0,Hand Pump,No,1339590599801.jpg,water,Zamfara,zamfara_shinkafi,b51a7ee8-42e2-4ccf-96b0-229577c32415,Shanawa ward,Borehole,water_source,borehole_tube_well,b51a7ee8-42e2-4ccf-96b0-229577c32415,Northwest
Functional,,Sabon Gari,0.00703050865339,0.772524800678,"Water Scheme, Source within 100m",1339545625916.jpg,Yes,13.09184291 6.49416937 339.6000061035156 5.0,True,Shinkafi,678,678,358.0,Tap (unknown lift),No,1339545625916.jpg,water,Zamfara,zamfara_shinkafi,2ed75630-fb6a-4e05-be57-33a0b54e9152,Shanawa,Tap,outlet,,2ed75630-fb6a-4e05-be57-33a0b54e9152,Northwest
Mechanical Issue,,Tubali,0.00945120983078,1.03874926811,,1339590324256.jpg,No,12.97673982 6.42794757 366.79998779296875 5.0,False,Shinkafi,678,678,773.0,,No,1339590324256.jpg,water,Zamfara,zamfara_shinkafi,6e407c4f-ef1d-48c3-94ef-dbb5c3cf6396,Birnin Yaro,Don't Know,dk,,6e407c4f-ef1d-48c3-94ef-dbb5c3cf6396,Northwest
Dry Well,,ANGUWAN   SARKI,0.00491950814743,0.540727647928,Stand Alone Water Point,1339687694887.jpg,No,12.93883885 6.46780413 357.20001220703125 5.0,False,Shinkafi,678,678,773.0,,No,1339687694887.jpg,water,Zamfara,zamfara_shinkafi,ac6b3763-21de-4258-83a1-3408e863a76f,BIRNIN   YERO,Unimproved Well,water_source,unprotected_dug_well,ac6b3763-21de-4258-83a1-3408e863a76f,Northwest
Functional,,Bakin Gazari,0.0092760244915,1.01926090082,Stand Alone Water Point,1339550270839.jpg,Yes,13.09361799 6.49593353 352.0 5.0,False,Shinkafi,678,678,358.0,,No,1339550270839.jpg,water,Zamfara,zamfara_shinkafi,adc8605d-f3e1-432d-a73c-f7a6cb6686e8,Shanawa,Unimproved Well,water_source,unprotected_dug_well,adc8605d-f3e1-432d-a73c-f7a6cb6686e8,Northwest
Functional,,Yubali,0.00785914887208,0.863770009604,,1339590665667.jpg,Yes,12.9781487 6.42907588 360.20001220703125 5.0,False,Shinkafi,678,678,773.0,,No,1339590665667.jpg,water,Zamfara,zamfara_shinkafi,e79b7ca1-8a62-494e-981b-cb9d9099697a,Birnin Yaro,Don't Know,dk,,e79b7ca1-8a62-494e-981b-cb9d9099697a,Northwest
Mechanical Issue,,GIDAN SOJA,0.0221838718629,2.43715104128,"Water Scheme, Source within 100m",1339603398604.jpg,No,13.18004401 6.31340801 342.3999938964844 5.0,True,Shinkafi,678,678,358.0,Tap (unknown lift),No,1339603398604.jpg,water,Zamfara,zamfara_shinkafi,4b953a3e-5546-4183-bef3-9db7f7f2f5c6,KATURU,Tap,outlet,,4b953a3e-5546-4183-bef3-9db7f7f2f5c6,Northwest
Mechanical Issue,,Sabon Gari,0.00642159422567,0.705617311328,"Water Scheme, Source within 100m",1339548922500.jpg,No,13.0912612 6.49398854 353.79998779296875 5.0,True,Shinkafi,678,678,358.0,Tap (unknown lift),No,1339548922500.jpg,water,Zamfara,zamfara_shinkafi,0543273a-2ca5-470a-8b4b-0b4dafd5642a,Shanawa,Tap,outlet,,0543273a-2ca5-470a-8b4b-0b4dafd5642a,Northwest
Functional,,Jaijaje,0.056330523421,6.19106528273,Stand Alone Water Point,1339591078942.jpg,Yes,12.96219088 6.38063969 389.29998779296875 5.0,False,Shinkafi,678,678,488.0,Manual,No,1339591078942.jpg,water,Zamfara,zamfara_shinkafi,5b19f245-f5f4-4855-bbb1-7fb7aff91fcb,B/Yero,Unimproved Well,water_source,unprotected_dug_well,5b19f245-f5f4-4855-bbb1-7fb7aff91fcb,Northwest
Mechanical Issue,,Fillinga,0.0590449405593,6.48804286022,Stand Alone Water Point,1339675975385.jpg,No,13.06722728 6.20017323 350.5 5.0,True,Shinkafi,678,678,358.0,Hand Pump,No,1339675975385.jpg,water,Zamfara,zamfara_shinkafi,faca8a54-9ba4-4eda-929f-96d54123ac4a,Galadi,Borehole,water_source,borehole_tube_well,faca8a54-9ba4-4eda-929f-96d54123ac4a,Northwest
Mechanical Issue,,Galkaji,0.0574364841552,6.31159559521,Stand Alone Water Point,1339672662193.jpg,No,13.04411803 6.20774296 366.3999938964844 5.0,True,Shinkafi,678,678,488.0,Hand Pump,No,1339672662193.jpg,water,Zamfara,zamfara_shinkafi,8716f98d-e26d-4e87-ad89-8350c031a554,Galadi,Borehole,water_source,borehole_tube_well,8716f98d-e26d-4e87-ad89-8350c031a554,Northwest
Functional,,SARARAWA,0.00649851617287,0.714287838036,"Water Scheme, Source within 100m",1339684837752.jpg,Yes,12.93573492 6.46993597 377.6000061035156 5.0,True,Shinkafi,678,678,773.0,Tap (unknown lift),No,1339684837752.jpg,water,Zamfara,zamfara_shinkafi,6ef92e30-1369-458e-9d36-cb340e7884de,BIRNIN     YERO,Tap,outlet,,6ef92e30-1369-458e-9d36-cb340e7884de,Northwest
Functional,,Shanawa,0.00799229652039,0.878186170597,Stand Alone Water Point,1339593162338.jpg,Yes,13.10393750667572 6.472288370132446 328.0 4.0,True,Shinkafi,678,678,358.0,Hand Pump,No,1339593162338.jpg,water,Zamfara,zamfara_shinkafi,ed3a25fe-911f-40ff-bded-f0ec8dd158dc,Shanawa Ward,Borehole,water_source,borehole_tube_well,ed3a25fe-911f-40ff-bded-f0ec8dd158dc,Northwest
Functional,,Shanawa,0.00816785474943,0.897476522403,Stand Alone Water Point,1339593664215.jpg,Yes,13.103776574134827 6.4729321002960205 340.0 4.0,True,Shinkafi,678,678,358.0,Hand Pump,No,1339593664215.jpg,water,Zamfara,zamfara_shinkafi,19e128a9-3eff-4a96-9603-090677afada4,Shanawa,Borehole,water_source,borehole_tube_well,19e128a9-3eff-4a96-9603-090677afada4,Northwest
Mechanical Issue,,Sabon Gari,0.00566886377304,0.622907248302,"Water Scheme, Source within 1km",1339548337239.jpg,No,13.09036666 6.4942807 345.0 5.0,True,Shinkafi,678,678,358.0,Tap (unknown lift),No,1339548337239.jpg,water,Zamfara,zamfara_shinkafi,96637172-9310-4672-aa6a-680b90dee63d,Shanawa,Tap,outlet,,96637172-9310-4672-aa6a-680b90dee63d,Northwest
Functional,,Ajiyawa,0.0065456419295,0.719231938894,"Water Scheme, Source within 100m",1339552699497.jpg,Yes,13.10245242 6.47197741 345.0 5.0,True,Shinkafi,678,678,358.0,Tap (unknown lift),No,1339552699497.jpg,water,Zamfara,zamfara_shinkafi,30e14819-5f2c-42f9-a96b-553d4e886c4e,Shanawa,Tap,outlet,,30e14819-5f2c-42f9-a96b-553d4e886c4e,Northwest
Mechanical Issue,,Ajiyawa Primary School,0.00648836355929,0.712938342795,"Water Scheme, Source within 100m",1339552910955.jpg,No,13.10238527 6.47197993 352.5 5.0,True,Shinkafi,678,678,358.0,Tap (unknown lift),No,1339552910955.jpg,water,Zamfara,zamfara_shinkafi,6ab338a6-f4f4-453d-a996-6801a207d564,Shanawa,Tap,outlet,,6ab338a6-f4f4-453d-a996-6801a207d564,Northwest
Functional,,Shanawa,0.010114635128,1.11140460803,Stand Alone Water Point,1339588600355.jpg,Yes,13.095075488090515 6.494250297546387 353.0 4.0,True,Shinkafi,678,678,358.0,Hand Pump,No,1339588600355.jpg,water,Zamfara,zamfara_shinkafi,73e055c2-a857-4b22-a015-f9b6409334f6,Shanawa ward,Borehole,water_source,borehole_tube_well,73e055c2-a857-4b22-a015-f9b6409334f6,Northwest
Mechanical Issue,,SARARAWA,0.00610563648943,0.671103567601,"Water Scheme, Source within 100m",1339679833361.jpg,No,12.93640211 6.46956029 360.3999938964844 5.0,True,Shinkafi,678,678,773.0,Tap (unknown lift),No,1339679833361.jpg,water,Zamfara,zamfara_shinkafi,f13cfe36-02f2-4abb-9c45-f5e529f73fd1,BIRNIN  YERO,Tap,outlet,,f13cfe36-02f2-4abb-9c45-f5e529f73fd1,Northwest
Mechanical Issue,,Kan Wuri,0.0102437490894,1.12559291942,"Water Scheme, Source within 100m",1339550593108.jpg,No,13.09450819 6.49632314 346.6000061035156 5.0,True,Shinkafi,678,678,358.0,Tap (unknown lift),No,1339550593108.jpg,water,Zamfara,zamfara_shinkafi,9e0bb49c-3a19-4f0c-8374-66dc902da857,Shanawa,Tap,outlet,,9e0bb49c-3a19-4f0c-8374-66dc902da857,Northwest
Functional,,SARARAWA,0.00650731684574,0.715254845011,"Water Scheme, Source within 100m",1339686071248.jpg,Yes,12.93596346 6.46951067 348.70001220703125 5.0,True,Shinkafi,678,678,773.0,Tap (unknown lift),No,1339686071248.jpg,water,Zamfara,zamfara_shinkafi,71a3ef8e-ce2c-4fd0-a333-f5434260c8ae,BIRNIN    YERO,Tap,outlet,,71a3ef8e-ce2c-4fd0-a333-f5434260c8ae,Northwest
Mechanical Issue,,Shanawa,0.00819936099312,0.900958401676,Stand Alone Water Point,1339587902374.jpg,No,13.092538118362427 6.495768427848816 343.0 4.0,True,Shinkafi,678,678,358.0,Hand Pump,No,1339587902374.jpg,water,Zamfara,zamfara_shinkafi,44247fe9-ffce-4c0d-b1ad-273320548fce,Shanawa ward,Borehole,water_source,borehole_tube_well,44247fe9-ffce-4c0d-b1ad-273320548fce,Northwest
Mechanical Issue,,GIDAN  SOJA,0.0213815900979,2.34901574602,"Water Scheme, Source within 100m",1339601879243.jpg,No,13.17936596 6.31420947 334.1000061035156 5.0,True,Shinkafi,678,678,358.0,Tap (unknown lift),No,1339601879243.jpg,water,Zamfara,zamfara_shinkafi,62d9e1d1-fe07-4852-a2db-9a337e421585,KATURU,Tap,outlet,,62d9e1d1-fe07-4852-a2db-9a337e421585,Northwest
Functional,,Shanawa,0.00738069240331,0.810985544422,Stand Alone Water Point,1339594324122.jpg,Yes,13.102988004684448 6.472728252410889 329.0 4.0,True,Shinkafi,678,678,358.0,Hand Pump,No,1339594324122.jpg,water,Zamfara,zamfara_shinkafi,da6de4df-44e2-4417-a685-acfa4875b63f,Shanawa ward,Borehole,water_source,borehole_tube_well,da6de4df-44e2-4417-a685-acfa4875b63f,Northwest
Mechanical Issue,,Shanawa,0.0104741674265,1.15090983457,Stand Alone Water Point,1339588983087.jpg,No,13.095161318778992 6.495108604431152 353.0 4.0,True,Shinkafi,678,678,358.0,Hand Pump,No,1339588983087.jpg,water,Zamfara,zamfara_shinkafi,67a55a28-cb02-4752-a044-bc0d633bcbc4,Shanawa ward,Borehole,water_source,borehole_tube_well,67a55a28-cb02-4752-a044-bc0d633bcbc4,Northwest
Functional,,GIDAN SOJA,0.0209481821351,2.30140421854,Stand Alone Water Point,1339604326585.jpg,Yes,13.17878433 6.31339926 338.70001220703125 5.0,False,Shinkafi,678,678,358.0,,No,1339604326585.jpg,water,Zamfara,zamfara_shinkafi,f183b378-a4b8-4ce4-a2d7-ac2d223b6158,KATURU,Unimproved Well,water_source,protected_dug_well,f183b378-a4b8-4ce4-a2d7-ac2d223b6158,Northwest
Mechanical Issue,,GIDAN   SOJA,0.023107470199,2.53861272093,"Water Scheme, Source within 100m",1339603726131.jpg,No,13.18092846 6.31311373 343.70001220703125 5.0,True,Shinkafi,678,678,358.0,Tap (unknown lift),No,1339603726131.jpg,water,Zamfara,zamfara_shinkafi,8f6bd8ec-2bca-4889-a0a8-cc909f75422b,KATURU,Tap,outlet,,8f6bd8ec-2bca-4889-a0a8-cc909f75422b,Northwest
Functional,,Shanawa,0.00665066295126,0.730787038854,Stand Alone Water Point,1339590126673.jpg,Yes,13.09172809123993 6.4933329820632935 353.0 4.0,False,Shinkafi,678,678,358.0,Manual,No,1339590126673.jpg,water,Zamfara,zamfara_shinkafi,0667d338-130b-4f23-a3b1-795bb5d97a63,Shanawa  ward,Unimproved Well,water_source,unprotected_dug_well,0667d338-130b-4f23-a3b1-795bb5d97a63,Northwest
Mechanical Issue,,Shanawa,0.0110976179905,1.21941273549,Stand Alone Water Point,1339589527598.jpg,No,13.095912337303162 6.494840383529663 357.0 4.0,True,Shinkafi,678,678,358.0,Hand Pump,No,1339589527598.jpg,water,Zamfara,zamfara_shinkafi,e783962a-3efb-4370-9469-cc059ec36335,Shanawa Ward,Borehole,water_source,borehole_tube_well,e783962a-3efb-4370-9469-cc059ec36335,Northwest
Mechanical Issue,,Shanawa,0.00221625489876,0.243529453763,Stand Alone Water Point,1339591028668.jpg,No,13.086433410644531 6.49516224861145 354.0 4.0,True,Shinkafi,678,678,358.0,Hand Pump,No,1339591028668.jpg,water,Zamfara,zamfara_shinkafi,504e64b2-b7ed-436c-81e9-e8f61f938c39,Shanawa ward,Borehole,water_source,borehole_tube_well,504e64b2-b7ed-436c-81e9-e8f61f938c39,Northwest
Don't Know,,Tubali,0.0110743532295,1.21714171485,"Water Scheme, Source within 100m",1339589065055.jpg,No,12.97681231 6.42615058 367.5 5.0,True,Shinkafi,678,678,773.0,Tap (unknown lift),No,1339589065055.jpg,water,Zamfara,zamfara_shinkafi,19870f51-d4e8-445d-9df6-194696602801,Birnin Yaro,Tap,outlet,,19870f51-d4e8-445d-9df6-194696602801,Northwest
Functional,,SABON    GARI,0.00332428022993,0.365388069049,Stand Alone Water Point,1339687395710.jpg,Yes,12.93958715 6.46965768 374.79998779296875 5.0,False,Shinkafi,678,678,773.0,,No,1339687395710.jpg,water,Zamfara,zamfara_shinkafi,bc766286-9783-4b07-a2d6-0b7a5c61220d,BIRNIN      YERO,Unimproved Well,water_source,unprotected_dug_well,bc766286-9783-4b07-a2d6-0b7a5c61220d,Northwest
Dry Well,,SHIYAR    JAKADA,0.00651043351945,0.715595625735,Stand Alone Water Point,1339689084988.jpg,No,12.9372429 6.4673719 359.3999938964844 5.0,False,Shinkafi,678,678,773.0,,No,1339689084988.jpg,water,Zamfara,zamfara_shinkafi,5b9139c8-e209-4d7c-b208-303ec1e0f4d7,BIRNIN    YERO,Unimproved Well,water_source,unprotected_dug_well,5b9139c8-e209-4d7c-b208-303ec1e0f4d7,Northwest
Mechanical Issue,,SARARAWA,0.00614984443819,0.675962703895,Stand Alone Water Point,1339680028458.jpg,No,12.93638552 6.46950201 357.8999938964844 5.0,False,Shinkafi,678,678,773.0,Manual,No,1339680028458.jpg,water,Zamfara,zamfara_shinkafi,ec235693-16fe-4e80-8fbc-27236a44ceb9,BIRNIN      YERO,Unimproved Well,water_source,unprotected_dug_well,ec235693-16fe-4e80-8fbc-27236a44ceb9,Northwest
Mechanical Issue,,Tubali,0.00877310189216,0.964224396031,,1339583905634.jpg,No,12.97507981 6.42939675 352.8999938964844 5.0,False,Shinkafi,678,678,773.0,,No,1339583905634.jpg,water,Zamfara,zamfara_shinkafi,ecdf60dc-67da-4c4a-bf74-73c2a9682e53,Birnin Yaro,Don't Know,dk,,ecdf60dc-67da-4c4a-bf74-73c2a9682e53,Northwest
Functional,,Maikama Rini,0.00857306642949,0.94211547465,,1339682376318.jpg,Yes,13.04196551 6.30262346 388.3999938964844 5.0,False,Shinkafi,678,678,488.0,,No,1339682376318.jpg,water,Zamfara,zamfara_shinkafi,c78cc6bb-6cc9-4c6e-a532-e475ece0467d,Galadi,Don't Know,dk,,c78cc6bb-6cc9-4c6e-a532-e475ece0467d,Northwest
Under Construction,,Tagela Atdo,0.0657166004634,7.22181023903,,1339671132825.jpg,No,13.0182045 6.21834265 340.3999938964844 5.0,False,Shinkafi,678,678,488.0,,No,1339671132825.jpg,water,Zamfara,zamfara_shinkafi,bc211dc0-379f-4d2c-a141-fbbc5d49ad54,Galadi,Don't Know,dk,,bc211dc0-379f-4d2c-a141-fbbc5d49ad54,Northwest
Functional,,Tubali,0.00982143376113,1.07943782393,,1339590067241.jpg,Yes,12.97729712 6.42730594 354.8999938964844 5.0,False,Shinkafi,678,678,773.0,,No,1339590067241.jpg,water,Zamfara,zamfara_shinkafi,5fe0bf1e-2660-4c8d-9bba-659ab87f15c3,Birnin Yaro,Don't Know,dk,,5fe0bf1e-2660-4c8d-9bba-659ab87f15c3,Northwest
Mechanical Issue,,Sabeji,0.0197253042032,2.16771728144,,1339668837800.jpg,No,13.02517384 6.32451298 348.79998779296875 5.0,False,Shinkafi,678,678,488.0,,No,1339668837800.jpg,water,Zamfara,zamfara_shinkafi,b5901a6b-9192-4596-8bc6-e426bf4fd2f6,Galadi,Don't Know,dk,,b5901a6b-9192-4596-8bc6-e426bf4fd2f6,Northwest
Mechanical Issue,,Tubali,0.0105050908858,1.15458233083,,1339585550488.jpg,No,12.97429019 6.42785081 367.79998779296875 5.0,False,Shinkafi,678,678,773.0,,No,1339585550488.jpg,water,Zamfara,zamfara_shinkafi,ec4700cd-7e3f-4ac8-a160-ed75227625fa,Birnin Yaro,Don't Know,dk,,ec4700cd-7e3f-4ac8-a160-ed75227625fa,Northwest
